0.00	0.000000
0.02	0.927584
0.04	1.003628
0.06	0.995200
0.08	1.075054
0.10	1.121191
0.12	1.117859
0.14	1.211656
0.16	1.099711
0.18	1.105895
0.20	1.266950
0.22	1.289422
0.24	1.480716
0.26	1.398544
0.28	1.469605
0.30	1.739037
0.32	1.748467
0.34	1.928013
0.36	1.979884
0.38	2.326769
0.40	2.678714
0.42	3.946428
0.44	5.101495
0.46	2.668009
0.48	1.940259
0.50	1.461899
0.52	1.038369
0.54	0.857639
0.56	0.680364
0.58	0.516729
0.60	0.439690
0.62	0.374152
0.64	0.320171
0.66	0.241295
0.68	0.213621
0.70	0.165258
0.72	0.145659
0.74	0.113621
0.76	0.107009
0.78	0.079703
0.80	0.057134
0.82	0.054853
0.84	0.040403
0.86	0.036998
0.88	0.032359
0.90	0.025818
0.92	0.024897
0.94	0.018628
0.96	0.017799
0.98	0.013382
1.00	0.012290
1.00	0.008694
0.98	0.014227
0.96	0.015421
0.94	0.022777
0.92	0.022137
0.90	0.025758
0.88	0.034477
0.86	0.043357
0.84	0.044189
0.82	0.053239
0.80	0.068942
0.78	0.075484
0.76	0.088576
0.74	0.109531
0.72	0.135821
0.70	0.150493
0.68	0.211665
0.66	0.213602
0.64	0.276852
0.62	0.328559
0.60	0.463592
0.58	0.537265
0.56	0.671269
0.54	0.870531
0.52	1.110915
0.50	1.490637
0.48	1.589677
0.46	3.260794
0.44	5.878024
0.42	4.065997
0.40	2.968189
0.38	2.238640
0.36	2.154817
0.34	1.829714
0.32	1.752536
0.30	1.507004
0.28	1.628374
0.26	1.500464
0.24	1.218789
0.22	1.217852
0.20	1.157383
0.18	1.173446
0.16	1.191841
0.14	1.112035
0.12	1.102484
0.10	1.155222
0.08	0.996904
0.06	1.032814
0.04	1.065369
0.02	1.000620
-0.00	0.000000
