0.00	-0.023438
0.02	-0.024008
0.04	-0.037617
0.06	-0.060312
0.08	-0.081969
0.10	-0.101836
0.12	-0.123035
0.14	-0.144539
0.16	-0.165953
0.18	-0.191180
0.20	-0.214973
0.22	-0.239246
0.24	-0.265426
0.26	-0.294250
0.28	-0.321336
0.30	-0.350516
0.32	-0.385094
0.34	-0.420547
0.36	-0.459512
0.38	-0.502379
0.40	-0.554133
0.42	-0.615027
0.44	-0.718797
0.46	-0.794320
0.48	-0.839980
0.50	-0.873785
0.52	-0.898277
0.54	-0.918973
0.56	-0.931414
0.58	-0.943781
0.60	-0.954480
0.62	-0.962277
0.64	-0.968340
0.66	-0.974172
0.68	-0.979004
0.70	-0.981383
0.72	-0.984648
0.74	-0.986816
0.76	-0.988926
0.78	-0.991219
0.80	-0.992715
0.82	-0.993348
0.84	-0.994734
0.86	-0.995766
0.88	-0.996270
0.90	-0.996785
0.92	-0.997180
0.94	-0.997773
0.96	-0.997746
0.98	-0.998402
1.00	-0.998379
1.00	-0.998883
0.98	-0.998184
0.96	-0.998223
0.94	-0.997828
0.92	-0.997113
0.90	-0.996762
0.88	-0.995957
0.86	-0.995082
0.84	-0.994313
0.82	-0.993914
0.80	-0.992332
0.78	-0.991191
0.76	-0.989227
0.74	-0.987500
0.72	-0.984434
0.70	-0.982316
0.68	-0.978699
0.66	-0.974355
0.64	-0.968441
0.62	-0.963293
0.60	-0.953664
0.58	-0.946113
0.56	-0.932293
0.54	-0.916840
0.52	-0.898254
0.50	-0.871574
0.48	-0.841063
0.46	-0.793098
0.44	-0.697898
0.42	-0.626133
0.40	-0.551840
0.38	-0.504898
0.36	-0.461082
0.34	-0.420535
0.32	-0.384840
0.30	-0.354418
0.28	-0.322281
0.26	-0.291488
0.24	-0.265316
0.22	-0.237559
0.20	-0.213930
0.18	-0.189980
0.16	-0.167617
0.14	-0.145363
0.12	-0.122090
0.10	-0.100250
0.08	-0.079750
0.06	-0.061883
0.04	-0.038605
0.02	-0.018918
-0.00	-0.031250
