0.00	0.000549
0.02	0.001029
0.04	0.001905
0.06	0.004124
0.08	0.007244
0.10	0.010918
0.12	0.015683
0.14	0.021483
0.16	0.028077
0.18	0.037090
0.20	0.046832
0.22	0.057868
0.24	0.071174
0.26	0.087266
0.28	0.103974
0.30	0.123710
0.32	0.149151
0.34	0.177801
0.36	0.212118
0.38	0.253521
0.40	0.308371
0.42	0.380186
0.44	0.519160
0.46	0.632247
0.48	0.706515
0.50	0.764214
0.52	0.807409
0.54	0.844930
0.56	0.867864
0.58	0.890975
0.60	0.911248
0.62	0.926160
0.64	0.937838
0.66	0.949129
0.68	0.958553
0.70	0.963193
0.72	0.969604
0.74	0.973862
0.76	0.978026
0.78	0.982554
0.80	0.985511
0.82	0.986766
0.84	0.989516
0.86	0.991567
0.88	0.992569
0.90	0.993593
0.92	0.994379
0.94	0.995561
0.96	0.995506
0.98	0.996814
1.00	0.996766
1.00	0.997771
0.98	0.996377
0.96	0.996456
0.94	0.995672
0.92	0.994246
0.90	0.993547
0.88	0.991947
0.86	0.990209
0.84	0.988679
0.82	0.987891
0.80	0.984757
0.78	0.982497
0.76	0.978612
0.74	0.975210
0.72	0.969176
0.70	0.965019
0.68	0.957956
0.66	0.949473
0.64	0.938014
0.62	0.928094
0.60	0.909702
0.58	0.895393
0.56	0.869498
0.54	0.841020
0.52	0.807403
0.50	0.760369
0.48	0.708162
0.46	0.630596
0.44	0.489932
0.42	0.394028
0.40	0.305977
0.38	0.256016
0.36	0.213649
0.34	0.177743
0.32	0.148957
0.30	0.126348
0.28	0.104660
0.26	0.085698
0.24	0.070988
0.22	0.057029
0.20	0.046331
0.18	0.036666
0.16	0.028677
0.14	0.021673
0.12	0.015444
0.10	0.010614
0.08	0.006847
0.06	0.004334
0.04	0.002011
0.02	0.000846
-0.00	0.000977
