0.00	0.000000	0.000874
0.02	0.000246	0.001569
0.04	0.000344	0.001424
0.06	0.000531	0.001711
0.08	0.000711	0.001553
0.10	0.000504	0.001805
0.12	0.001477	0.001994
0.14	0.000602	0.001946
0.16	0.000535	0.002017
0.18	0.001027	0.002280
0.20	0.001758	0.002409
0.22	0.003668	0.002438
0.24	0.002672	0.002719
0.26	0.001168	0.003232
0.28	0.000730	0.003418
0.30	0.001668	0.003740
0.32	0.001109	0.004387
0.34	0.007043	0.005235
0.36	0.006121	0.006256
0.38	0.029363	0.008039
0.40	0.033184	0.011176
0.42	0.050047	0.017605
0.44	0.505973	0.020832
0.46	0.823879	0.002714
0.48	0.877680	0.001741
0.50	0.912066	0.001224
0.52	0.933695	0.000883
0.54	0.949109	0.000729
0.56	0.958137	0.000601
0.58	0.966539	0.000527
0.60	0.973547	0.000445
0.62	0.978344	0.000410
0.64	0.982168	0.000361
0.66	0.985738	0.000290
0.68	0.988492	0.000272
0.70	0.989887	0.000236
0.72	0.991801	0.000212
0.74	0.992965	0.000188
0.76	0.994070	0.000185
0.78	0.995398	0.000152
0.80	0.996188	0.000128
0.82	0.996516	0.000128
0.84	0.997258	0.000107
0.86	0.997785	0.000105
0.88	0.998066	0.000095
0.90	0.998332	0.000085
0.92	0.998551	0.000082
0.94	0.998840	0.000073
0.96	0.998828	0.000071
0.98	0.999180	0.000060
1.00	0.999156	0.000061
1.00	0.999426	0.000048
0.98	0.999070	0.000061
0.96	0.999090	0.000064
0.94	0.998891	0.000077
0.92	0.998516	0.000077
0.90	0.998328	0.000084
0.88	0.997910	0.000099
0.86	0.997434	0.000111
0.84	0.997012	0.000113
0.82	0.996797	0.000125
0.80	0.995984	0.000142
0.78	0.995320	0.000150
0.76	0.994273	0.000166
0.74	0.993258	0.000188
0.72	0.991680	0.000208
0.70	0.990523	0.000219
0.68	0.988371	0.000275
0.66	0.985762	0.000275
0.64	0.982172	0.000320
0.62	0.979012	0.000389
0.60	0.973309	0.000436
0.58	0.967781	0.000529
0.56	0.958695	0.000605
0.54	0.946953	0.000773
0.52	0.933371	0.000954
0.50	0.910305	0.001224
0.48	0.882211	0.001464
0.46	0.815348	0.003729
0.44	0.491809	0.015463
0.42	0.099020	0.019034
0.40	0.003152	0.011397
0.38	0.005629	0.008103
0.36	0.014090	0.005834
0.34	0.003445	0.004920
0.32	0.007422	0.004435
0.30	0.000684	0.003753
0.28	0.007023	0.003271
0.26	0.005742	0.003086
0.24	0.000492	0.002673
0.22	0.000266	0.002502
0.20	0.002379	0.002337
0.18	0.001473	0.002045
0.16	0.000262	0.002168
0.14	0.002320	0.001917
0.12	0.000695	0.001940
0.10	0.000750	0.001751
0.08	0.002938	0.001701
0.06	0.000172	0.001627
0.04	0.000203	0.001457
0.02	0.000133	0.001361
-0.00	0.000000	0.000350
