0.00	-0.023438	0.000000
0.02	-0.024008	0.000953
0.04	-0.037617	0.000991
0.06	-0.060312	0.000987
0.08	-0.081969	0.001026
0.10	-0.101836	0.001047
0.12	-0.123035	0.001046
0.14	-0.144539	0.001089
0.16	-0.165953	0.001037
0.18	-0.191180	0.001040
0.20	-0.214973	0.001113
0.22	-0.239246	0.001123
0.24	-0.265426	0.001204
0.26	-0.294250	0.001170
0.28	-0.321336	0.001199
0.30	-0.350516	0.001304
0.32	-0.385094	0.001308
0.34	-0.420547	0.001374
0.36	-0.459512	0.001392
0.38	-0.502379	0.001509
0.40	-0.554133	0.001619
0.42	-0.615027	0.001965
0.44	-0.718797	0.002234
0.46	-0.794320	0.001616
0.48	-0.839980	0.001378
0.50	-0.873785	0.001196
0.52	-0.898277	0.001008
0.54	-0.918973	0.000916
0.56	-0.931414	0.000816
0.58	-0.943781	0.000711
0.60	-0.954480	0.000656
0.62	-0.962277	0.000605
0.64	-0.968340	0.000560
0.66	-0.974172	0.000486
0.68	-0.979004	0.000457
0.70	-0.981383	0.000402
0.72	-0.984648	0.000378
0.74	-0.986816	0.000333
0.76	-0.988926	0.000324
0.78	-0.991219	0.000279
0.80	-0.992715	0.000236
0.82	-0.993348	0.000232
0.84	-0.994734	0.000199
0.86	-0.995766	0.000190
0.88	-0.996270	0.000178
0.90	-0.996785	0.000159
0.92	-0.997180	0.000156
0.94	-0.997773	0.000135
0.96	-0.997746	0.000132
0.98	-0.998402	0.000114
1.00	-0.998379	0.000110
1.00	-0.998883	0.000092
0.98	-0.998184	0.000118
0.96	-0.998223	0.000123
0.94	-0.997828	0.000149
0.92	-0.997113	0.000147
0.90	-0.996762	0.000159
0.88	-0.995957	0.000184
0.86	-0.995082	0.000206
0.84	-0.994313	0.000208
0.82	-0.993914	0.000228
0.80	-0.992332	0.000260
0.78	-0.991191	0.000272
0.76	-0.989227	0.000294
0.74	-0.987500	0.000327
0.72	-0.984434	0.000365
0.70	-0.982316	0.000384
0.68	-0.978699	0.000455
0.66	-0.974355	0.000457
0.64	-0.968441	0.000520
0.62	-0.963293	0.000567
0.60	-0.953664	0.000674
0.58	-0.946113	0.000725
0.56	-0.932293	0.000810
0.54	-0.916840	0.000923
0.52	-0.898254	0.001043
0.50	-0.871574	0.001208
0.48	-0.841063	0.001247
0.46	-0.793098	0.001786
0.44	-0.697898	0.002398
0.42	-0.626133	0.001995
0.40	-0.551840	0.001704
0.38	-0.504898	0.001480
0.36	-0.461082	0.001452
0.34	-0.420535	0.001338
0.32	-0.384840	0.001310
0.30	-0.354418	0.001214
0.28	-0.322281	0.001262
0.26	-0.291488	0.001212
0.24	-0.265316	0.001092
0.22	-0.237559	0.001092
0.20	-0.213930	0.001064
0.18	-0.189980	0.001072
0.16	-0.167617	0.001080
0.14	-0.145363	0.001043
0.12	-0.122090	0.001039
0.10	-0.100250	0.001063
0.08	-0.079750	0.000988
0.06	-0.061883	0.001005
0.04	-0.038605	0.001021
0.02	-0.018918	0.000990
-0.00	-0.031250	0.000000
