0.00	0.000381
0.02	0.001228
0.04	0.001011
0.06	0.001462
0.08	0.001203
0.10	0.001626
0.12	0.001987
0.14	0.001891
0.16	0.002030
0.18	0.002595
0.20	0.002899
0.22	0.002979
0.24	0.003697
0.26	0.005213
0.28	0.005829
0.30	0.006982
0.32	0.009607
0.34	0.013723
0.36	0.019568
0.38	0.033110
0.40	0.063428
0.42	0.157160
0.44	0.472557
0.46	0.682452
0.48	0.771835
0.50	0.832613
0.52	0.872176
0.54	0.901074
0.56	0.918206
0.58	0.934337
0.60	0.947892
0.62	0.957240
0.64	0.964719
0.66	0.971722
0.68	0.977154
0.70	0.979903
0.72	0.983691
0.74	0.985997
0.76	0.988193
0.78	0.990830
0.80	0.992398
0.82	0.993052
0.84	0.994529
0.86	0.995581
0.88	0.996141
0.90	0.996670
0.92	0.997107
0.94	0.997684
0.96	0.997660
0.98	0.998362
1.00	0.998315
1.00	0.998853
0.98	0.998143
0.96	0.998183
0.94	0.997785
0.92	0.997036
0.90	0.996663
0.88	0.995830
0.86	0.994880
0.84	0.994039
0.82	0.993612
0.80	0.991995
0.78	0.990674
0.76	0.988593
0.74	0.986579
0.72	0.983450
0.70	0.981161
0.68	0.976915
0.66	0.971764
0.64	0.964713
0.62	0.958540
0.60	0.947425
0.58	0.936740
0.56	0.919280
0.54	0.897018
0.52	0.871635
0.50	0.829402
0.48	0.779365
0.46	0.671730
0.44	0.361191
0.42	0.190593
0.40	0.064822
0.38	0.032799
0.36	0.017185
0.34	0.012091
0.32	0.009872
0.30	0.007028
0.28	0.005390
0.26	0.004784
0.24	0.003567
0.22	0.003123
0.20	0.002730
0.18	0.002089
0.16	0.002345
0.14	0.001839
0.12	0.001879
0.10	0.001530
0.08	0.001453
0.06	0.001321
0.04	0.001060
0.02	0.000925
-0.00	0.000061
