0.00	0.000000
0.02	0.000246
0.04	0.000344
0.06	0.000531
0.08	0.000711
0.10	0.000504
0.12	0.001477
0.14	0.000602
0.16	0.000535
0.18	0.001027
0.20	0.001758
0.22	0.003668
0.24	0.002672
0.26	0.001168
0.28	0.000730
0.30	0.001668
0.32	0.001109
0.34	0.007043
0.36	0.006121
0.38	0.029363
0.40	0.033184
0.42	0.050047
0.44	0.505973
0.46	0.823879
0.48	0.877680
0.50	0.912066
0.52	0.933695
0.54	0.949109
0.56	0.958137
0.58	0.966539
0.60	0.973547
0.62	0.978344
0.64	0.982168
0.66	0.985738
0.68	0.988492
0.70	0.989887
0.72	0.991801
0.74	0.992965
0.76	0.994070
0.78	0.995398
0.80	0.996188
0.82	0.996516
0.84	0.997258
0.86	0.997785
0.88	0.998066
0.90	0.998332
0.92	0.998551
0.94	0.998840
0.96	0.998828
0.98	0.999180
1.00	0.999156
1.00	0.999426
0.98	0.999070
0.96	0.999090
0.94	0.998891
0.92	0.998516
0.90	0.998328
0.88	0.997910
0.86	0.997434
0.84	0.997012
0.82	0.996797
0.80	0.995984
0.78	0.995320
0.76	0.994273
0.74	0.993258
0.72	0.991680
0.70	0.990523
0.68	0.988371
0.66	0.985762
0.64	0.982172
0.62	0.979012
0.60	0.973309
0.58	0.967781
0.56	0.958695
0.54	0.946953
0.52	0.933371
0.50	0.910305
0.48	0.882211
0.46	0.815348
0.44	0.491809
0.42	0.099020
0.40	0.003152
0.38	0.005629
0.36	0.014090
0.34	0.003445
0.32	0.007422
0.30	0.000684
0.28	0.007023
0.26	0.005742
0.24	0.000492
0.22	0.000266
0.20	0.002379
0.18	0.001473
0.16	0.000262
0.14	0.002320
0.12	0.000695
0.10	0.000750
0.08	0.002938
0.06	0.000172
0.04	0.000203
0.02	0.000133
-0.00	0.000000
