0.00	0.390625
0.02	1.257227
0.04	1.035504
0.06	1.496695
0.08	1.231592
0.10	1.664310
0.12	2.032361
0.14	1.935629
0.16	2.077933
0.18	2.656568
0.20	2.965430
0.22	3.036840
0.24	3.777924
0.26	5.336689
0.28	5.968383
0.30	7.146409
0.32	9.836115
0.34	14.001433
0.36	19.999406
0.38	33.021644
0.40	63.822820
0.42	158.367448
0.44	221.746135
0.46	3.763843
0.48	1.549334
0.50	0.765803
0.52	0.398146
0.54	0.271410
0.56	0.184850
0.58	0.142073
0.60	0.101094
0.62	0.085735
0.64	0.066551
0.66	0.042855
0.68	0.037798
0.70	0.028400
0.72	0.022964
0.74	0.018108
0.76	0.017417
0.78	0.011755
0.80	0.008428
0.82	0.008349
0.84	0.005847
0.86	0.005656
0.88	0.004586
0.90	0.003706
0.92	0.003404
0.94	0.002692
0.96	0.002609
0.98	0.001858
1.00	0.001880
1.00	0.001186
0.98	0.001927
0.96	0.002113
0.94	0.003037
0.92	0.003041
0.90	0.003638
0.88	0.004973
0.86	0.006295
0.84	0.006551
0.82	0.007978
0.80	0.010238
0.78	0.011544
0.76	0.014138
0.74	0.018139
0.72	0.022173
0.70	0.024414
0.68	0.038531
0.66	0.038586
0.64	0.052233
0.62	0.077428
0.60	0.097228
0.58	0.142914
0.56	0.187321
0.54	0.305072
0.52	0.464707
0.50	0.765649
0.48	1.094864
0.46	7.104892
0.44	122.178376
0.42	185.127433
0.40	66.367066
0.38	33.553250
0.36	17.394251
0.34	12.368861
0.32	10.052234
0.30	7.196217
0.28	5.468456
0.26	4.864939
0.24	3.652002
0.22	3.197443
0.20	2.790166
0.18	2.137006
0.16	2.400703
0.14	1.877643
0.12	1.923646
0.10	1.566502
0.08	1.478914
0.06	1.352892
0.04	1.085052
0.02	0.946826
-0.00	0.062500
