0 -0.902521
1 -0.901634
2 -0.925071
3 -0.878374
4 -0.820668
5 -0.877841
6 -0.893821
7 -0.911577
8 -0.835050
9 -0.887429
10 -0.853871
11 -0.722479
12 -0.906428
13 -0.914418
14 -0.871626
15 -0.847834
16 -0.932351
17 -0.919034
18 -0.928267
19 -0.887784
20 -0.896307
21 -0.913707
22 -0.914595
23 -0.828480
24 -0.895419
25 -0.902521
26 -0.822443
27 -0.911577
28 -0.842507
29 -0.876065
30 -0.870028
31 -0.912464
32 -0.861861
33 -0.898793
34 -0.922585
35 -0.838423
36 -0.879439
37 -0.923295
38 -0.826705
39 -0.869141
40 -0.913530
41 -0.923118
42 -0.860618
43 -0.916016
44 -0.908026
45 -0.875355
46 -0.885121
47 -0.755504
48 -0.892756
49 -0.816939
