0 0.000000
1 -132.000000
2 -176.000000
3 -304.000000
4 -316.000000
5 -336.000000
6 -340.000000
7 -344.000000
8 -344.000000
9 -336.000000
10 -364.000000
11 -388.000000
12 -432.000000
13 -436.000000
14 -440.000000
15 -448.000000
16 -460.000000
17 -460.000000
18 -504.000000
19 -480.000000
20 -484.000000
21 -464.000000
22 -456.000000
23 -468.000000
24 -452.000000
25 -480.000000
26 -492.000000
27 -488.000000
28 -476.000000
29 -468.000000
30 -476.000000
31 -472.000000
32 -496.000000
33 -468.000000
34 -512.000000
35 -472.000000
36 -480.000000
37 -456.000000
38 -464.000000
39 -460.000000
40 -460.000000
41 -472.000000
42 -496.000000
43 -472.000000
44 -456.000000
45 -448.000000
46 -492.000000
47 -488.000000
48 -444.000000
49 -476.000000
50 -444.000000
51 -440.000000
52 -464.000000
53 -456.000000
54 -464.000000
55 -480.000000
56 -472.000000
57 -512.000000
58 -484.000000
59 -484.000000
60 -464.000000
61 -472.000000
62 -440.000000
63 -460.000000
64 -452.000000
65 -488.000000
66 -456.000000
67 -456.000000
68 -444.000000
69 -452.000000
70 -504.000000
71 -488.000000
72 -468.000000
73 -468.000000
74 -496.000000
75 -472.000000
76 -496.000000
77 -452.000000
78 -496.000000
79 -496.000000
80 -444.000000
81 -480.000000
82 -476.000000
83 -480.000000
84 -472.000000
85 -476.000000
86 -476.000000
87 -424.000000
88 -416.000000
89 -480.000000
90 -432.000000
91 -488.000000
92 -452.000000
93 -456.000000
94 -448.000000
95 -468.000000
96 -440.000000
97 -496.000000
98 -472.000000
99 -480.000000
100 -456.000000
101 -496.000000
102 -496.000000
103 -476.000000
104 -472.000000
105 -484.000000
106 -444.000000
107 -416.000000
108 -420.000000
109 -432.000000
110 -464.000000
111 -496.000000
112 -472.000000
113 -476.000000
114 -448.000000
115 -472.000000
116 -444.000000
117 -472.000000
118 -504.000000
119 -456.000000
120 -488.000000
121 -488.000000
122 -476.000000
123 -456.000000
124 -436.000000
125 -468.000000
126 -444.000000
127 -476.000000
128 -468.000000
129 -488.000000
130 -448.000000
131 -464.000000
132 -512.000000
133 -504.000000
134 -492.000000
135 -492.000000
136 -476.000000
137 -468.000000
138 -484.000000
139 -472.000000
140 -484.000000
141 -484.000000
142 -512.000000
143 -492.000000
144 -488.000000
145 -488.000000
146 -476.000000
147 -444.000000
148 -476.000000
149 -492.000000
150 -480.000000
151 -472.000000
152 -488.000000
153 -504.000000
154 -496.000000
155 -444.000000
156 -488.000000
157 -464.000000
158 -468.000000
159 -480.000000
160 -448.000000
161 -488.000000
162 -484.000000
163 -500.000000
164 -504.000000
165 -488.000000
166 -472.000000
167 -476.000000
168 -468.000000
169 -484.000000
170 -476.000000
171 -448.000000
172 -476.000000
173 -464.000000
174 -468.000000
175 -480.000000
176 -496.000000
177 -468.000000
178 -492.000000
179 -468.000000
180 -496.000000
181 -492.000000
182 -492.000000
183 -484.000000
184 -472.000000
185 -472.000000
186 -476.000000
187 -436.000000
188 -476.000000
189 -496.000000
190 -496.000000
191 -464.000000
192 -448.000000
193 -464.000000
194 -472.000000
195 -488.000000
196 -452.000000
197 -468.000000
198 -504.000000
199 -468.000000
200 -472.000000
201 -504.000000
202 -496.000000
203 -468.000000
204 -480.000000
205 -504.000000
206 -484.000000
207 -480.000000
208 -464.000000
209 -484.000000
210 -488.000000
211 -476.000000
212 -480.000000
213 -488.000000
214 -476.000000
215 -448.000000
216 -496.000000
217 -488.000000
218 -488.000000
219 -492.000000
220 -472.000000
221 -480.000000
222 -492.000000
223 -488.000000
224 -452.000000
225 -484.000000
226 -504.000000
227 -436.000000
228 -468.000000
229 -480.000000
230 -476.000000
231 -448.000000
232 -452.000000
233 -428.000000
234 -456.000000
235 -468.000000
236 -492.000000
237 -492.000000
238 -464.000000
239 -480.000000
240 -496.000000
241 -444.000000
242 -480.000000
243 -504.000000
244 -460.000000
245 -496.000000
246 -480.000000
247 -448.000000
248 -416.000000
249 -420.000000
250 -472.000000
251 -488.000000
252 -488.000000
253 -484.000000
254 -500.000000
255 -476.000000
256 -464.000000
257 -480.000000
258 -424.000000
259 -464.000000
260 -452.000000
261 -456.000000
262 -420.000000
263 -444.000000
264 -488.000000
265 -496.000000
266 -496.000000
267 -456.000000
268 -472.000000
269 -468.000000
270 -452.000000
271 -496.000000
272 -496.000000
273 -452.000000
274 -488.000000
275 -512.000000
276 -496.000000
277 -496.000000
278 -504.000000
279 -504.000000
280 -460.000000
281 -464.000000
282 -476.000000
283 -428.000000
284 -444.000000
285 -452.000000
286 -480.000000
287 -484.000000
288 -464.000000
289 -480.000000
290 -504.000000
291 -488.000000
292 -488.000000
293 -504.000000
294 -512.000000
295 -468.000000
296 -492.000000
297 -468.000000
298 -464.000000
299 -480.000000
300 -504.000000
301 -492.000000
302 -504.000000
303 -456.000000
304 -496.000000
305 -484.000000
306 -468.000000
307 -472.000000
308 -484.000000
309 -488.000000
310 -456.000000
311 -472.000000
312 -416.000000
313 -432.000000
314 -456.000000
315 -484.000000
316 -492.000000
317 -468.000000
318 -436.000000
319 -472.000000
320 -492.000000
321 -448.000000
322 -472.000000
323 -472.000000
324 -484.000000
325 -448.000000
326 -444.000000
327 -464.000000
328 -460.000000
329 -476.000000
330 -444.000000
331 -444.000000
332 -444.000000
333 -496.000000
334 -504.000000
335 -496.000000
336 -480.000000
337 -468.000000
338 -436.000000
339 -472.000000
340 -468.000000
341 -488.000000
342 -468.000000
343 -448.000000
344 -472.000000
345 -440.000000
346 -488.000000
347 -448.000000
348 -464.000000
349 -480.000000
350 -472.000000
351 -452.000000
352 -476.000000
353 -472.000000
354 -420.000000
355 -424.000000
356 -464.000000
357 -496.000000
358 -448.000000
359 -444.000000
360 -476.000000
361 -488.000000
362 -476.000000
363 -496.000000
364 -468.000000
365 -476.000000
366 -472.000000
367 -484.000000
368 -496.000000
369 -512.000000
370 -492.000000
371 -456.000000
372 -452.000000
373 -480.000000
374 -468.000000
375 -440.000000
376 -484.000000
377 -464.000000
378 -492.000000
379 -456.000000
380 -472.000000
381 -468.000000
382 -464.000000
383 -428.000000
384 -432.000000
385 -420.000000
386 -420.000000
387 -416.000000
388 -456.000000
389 -460.000000
390 -472.000000
391 -452.000000
392 -440.000000
393 -460.000000
394 -492.000000
395 -488.000000
396 -480.000000
397 -472.000000
398 -464.000000
399 -456.000000
400 -480.000000
401 -488.000000
402 -496.000000
403 -512.000000
404 -512.000000
405 -504.000000
406 -496.000000
407 -496.000000
408 -448.000000
409 -452.000000
410 -472.000000
411 -432.000000
412 -440.000000
413 -468.000000
414 -464.000000
415 -452.000000
416 -464.000000
417 -456.000000
418 -464.000000
419 -488.000000
420 -472.000000
421 -492.000000
422 -504.000000
423 -472.000000
424 -456.000000
425 -436.000000
426 -436.000000
427 -448.000000
428 -400.000000
429 -396.000000
430 -420.000000
431 -420.000000
432 -468.000000
433 -464.000000
434 -480.000000
435 -496.000000
436 -496.000000
437 -472.000000
438 -464.000000
439 -492.000000
440 -504.000000
441 -504.000000
442 -512.000000
443 -456.000000
444 -448.000000
445 -472.000000
446 -452.000000
447 -488.000000
448 -472.000000
449 -424.000000
450 -484.000000
451 -472.000000
452 -480.000000
453 -480.000000
454 -456.000000
455 -476.000000
456 -472.000000
457 -488.000000
458 -472.000000
459 -504.000000
460 -480.000000
461 -488.000000
462 -504.000000
463 -504.000000
464 -476.000000
465 -504.000000
466 -468.000000
467 -468.000000
468 -480.000000
469 -488.000000
470 -472.000000
471 -464.000000
472 -480.000000
473 -480.000000
474 -440.000000
475 -456.000000
476 -480.000000
477 -452.000000
478 -492.000000
479 -484.000000
480 -484.000000
481 -472.000000
482 -480.000000
483 -480.000000
484 -500.000000
485 -444.000000
486 -504.000000
487 -456.000000
488 -472.000000
489 -464.000000
490 -492.000000
491 -464.000000
492 -480.000000
493 -476.000000
494 -472.000000
495 -460.000000
496 -472.000000
497 -444.000000
498 -460.000000
499 -480.000000
