0.650000 0.000000
0.657000 0.000000
0.664000 0.000000
0.671000 0.000000
0.678000 0.000000
0.685000 0.000000
0.692000 0.000000
0.699000 0.000000
0.706000 0.000000
0.713000 0.000000
0.720000 0.000000
0.727000 0.000000
0.734000 0.000000
0.741000 0.000000
0.748000 0.000000
0.755000 0.000000
0.762000 0.000000
0.769000 0.000000
0.776000 0.000000
0.783000 0.000000
0.790000 0.000000
0.797000 0.000000
0.804000 0.000000
0.811000 0.000000
0.818000 0.000000
0.825000 0.000000
0.832000 0.000000
0.839000 0.000000
0.846000 0.000000
0.853000 0.000000
0.860000 0.000000
0.867000 0.000000
0.874000 0.000000
0.881000 0.000000
0.888000 0.000000
0.895000 0.000000
0.902000 0.000000
0.909000 0.000000
0.916000 0.000000
0.923000 0.000000
0.930000 0.000000
0.937000 0.000000
0.944000 0.000000
0.951000 0.000000
0.958000 0.000000
0.965000 0.000000
0.972000 0.000000
0.979000 0.000000
0.986000 0.000000
0.993000 0.000000
