0 -0.023438
1 -0.007813
2 -0.164063
3 -0.101563
4 0.117188
5 0.109375
6 0.148438
7 0.179688
8 0.296875
9 0.343750
10 0.492188
11 0.578125
12 0.703125
13 0.726563
14 0.789063
15 0.804688
16 0.882813
17 0.921875
18 0.992188
19 0.968750
20 0.968750
21 0.937500
22 0.937500
23 0.953125
24 0.929688
25 0.960938
26 0.976563
27 0.976563
28 0.953125
29 0.953125
30 0.960938
31 0.945313
32 0.984375
33 0.953125
34 1.000000
35 0.953125
36 0.968750
37 0.921875
38 0.945313
39 0.937500
40 0.945313
41 0.953125
42 0.984375
43 0.953125
44 0.945313
45 0.937500
46 0.976563
47 0.976563
48 0.906250
49 0.953125
