0.605469 0.010064
0.609443 0.010064
0.613418 0.010064
0.617393 0.025160
0.621367 0.045288
0.625342 0.075480
0.629316 0.135864
0.633291 0.279276
0.637266 0.367335
0.641240 0.606355
0.645215 0.802603
0.649189 1.195098
0.653164 1.554885
0.657139 2.234204
0.661113 3.280858
0.665088 3.806701
0.669063 4.659624
0.673037 5.789306
0.677012 6.830928
0.680986 7.920354
0.684961 9.311700
0.688936 11.872984
0.692910 11.933367
0.696885 12.753582
0.700859 13.458061
0.704834 14.308467
0.708809 14.376399
0.712783 14.499683
0.716758 16.278492
0.720732 13.729788
0.724707 12.688166
0.728682 11.815116
0.732656 10.750850
0.736631 9.387180
0.740605 8.212210
0.744580 7.517795
0.748555 5.384231
0.752529 3.997917
0.756504 3.094675
0.760479 2.287040
0.764453 1.564949
0.768428 1.056718
0.772402 0.802603
0.776377 0.362303
0.780352 0.221408
0.784326 0.140896
0.788301 0.085544
0.792275 0.035224
0.796250 0.012580
0.800225 0.017612
