-0.853516 0.024212
-0.819648 0.398620
-0.785781 1.472236
-0.751914 2.568293
-0.718047 2.902839
-0.684180 2.687289
-0.650313 2.115934
-0.616445 1.630503
-0.582578 1.277060
-0.548711 0.946944
-0.514844 0.783067
-0.480977 0.630410
-0.447109 0.521159
-0.413242 0.425785
-0.379375 0.338089
-0.345508 0.277853
-0.311641 0.240648
-0.277773 0.218798
-0.243906 0.204920
-0.210039 0.182479
-0.176172 0.146456
-0.142305 0.127263
-0.108437 0.105708
-0.074570 0.106299
-0.040703 0.097145
-0.006836 0.096555
0.027031 0.101574
0.060898 0.113385
0.094766 0.110432
0.128633 0.120767
0.162500 0.126082
0.196367 0.125196
0.230234 0.125787
0.264102 0.126377
0.297969 0.141141
0.331836 0.154428
0.365703 0.197243
0.399570 0.239762
0.433437 0.267814
0.467305 0.343404
0.501172 0.397734
0.535039 0.535627
0.568906 0.628048
0.602773 0.742909
0.636641 0.923617
0.670508 1.099305
0.704375 1.106392
0.738242 0.862200
0.772109 0.360530
0.805977 0.050787
