0.00	0.000000
0.02	1.035117
0.04	1.084368
0.06	0.917210
0.08	1.062688
0.10	0.981373
0.12	1.018449
0.14	1.079023
0.16	1.184500
0.18	1.083583
0.20	1.252400
0.22	1.312581
0.24	1.396816
0.26	1.434238
0.28	1.590071
0.30	1.469218
0.32	1.815692
0.34	1.616261
0.36	2.135104
0.38	2.051278
0.40	2.637221
0.42	2.938187
0.44	6.469864
0.46	3.025761
0.48	1.922324
0.50	1.323224
0.52	1.205168
0.54	0.794948
0.56	0.700575
0.58	0.527284
0.60	0.443102
0.62	0.359398
0.64	0.261599
0.66	0.220030
0.68	0.210832
0.70	0.139302
0.72	0.143308
0.74	0.109312
0.76	0.089240
0.78	0.072226
0.80	0.064484
0.82	0.054771
0.84	0.043287
0.86	0.035355
0.88	0.032691
0.90	0.027641
0.92	0.021196
0.94	0.020086
0.96	0.015898
0.98	0.013832
1.00	0.012176
1.00	0.012215
0.98	0.014208
0.96	0.015934
0.94	0.020091
0.92	0.020157
0.90	0.024682
0.88	0.031255
0.86	0.036178
0.84	0.044717
0.82	0.051001
0.80	0.060901
0.78	0.074909
0.76	0.088624
0.74	0.101286
0.72	0.148412
0.70	0.141183
0.68	0.191672
0.66	0.245257
0.64	0.306291
0.62	0.359717
0.60	0.440269
0.58	0.538669
0.56	0.758519
0.54	0.857838
0.52	1.028797
0.50	1.607563
0.48	1.967269
0.46	2.959194
0.44	7.377026
0.42	3.031796
0.40	2.706895
0.38	2.308670
0.36	2.355822
0.34	1.812082
0.32	1.866470
0.30	1.447828
0.28	1.317573
0.26	1.526527
0.24	1.286851
0.22	1.359463
0.20	1.281602
0.18	1.036414
0.16	1.174885
0.14	1.130190
0.12	1.077709
0.10	1.175505
0.08	0.957678
0.06	0.994899
0.04	1.013541
0.02	0.920937
-0.00	0.000000
