0.00	0.000061
0.02	0.000442
0.04	0.001676
0.06	0.003724
0.08	0.006376
0.10	0.010786
0.12	0.015086
0.14	0.020985
0.16	0.028094
0.18	0.036266
0.20	0.045993
0.22	0.057295
0.24	0.070745
0.26	0.086072
0.28	0.103614
0.30	0.124134
0.32	0.147971
0.34	0.177425
0.36	0.211716
0.38	0.252645
0.40	0.306491
0.42	0.371194
0.44	0.511169
0.46	0.627169
0.48	0.704550
0.50	0.763039
0.52	0.806393
0.54	0.838842
0.56	0.871491
0.58	0.892924
0.60	0.910527
0.62	0.926420
0.64	0.939088
0.66	0.949269
0.68	0.957258
0.70	0.963991
0.72	0.969897
0.74	0.974823
0.76	0.978845
0.78	0.981658
0.80	0.985039
0.82	0.987513
0.84	0.989006
0.86	0.991274
0.88	0.992409
0.90	0.993529
0.92	0.994691
0.94	0.995311
0.96	0.996096
0.98	0.996680
1.00	0.997150
1.00	0.997261
0.98	0.996663
0.96	0.996010
0.94	0.995560
0.92	0.994512
0.90	0.993345
0.88	0.992311
0.86	0.990780
0.84	0.989133
0.82	0.987486
0.80	0.984852
0.78	0.981979
0.76	0.978540
0.74	0.974323
0.72	0.969865
0.70	0.963721
0.68	0.957753
0.66	0.948052
0.64	0.938684
0.62	0.926254
0.60	0.910126
0.58	0.893125
0.56	0.870746
0.54	0.842829
0.52	0.806386
0.50	0.761339
0.48	0.703887
0.46	0.625686
0.44	0.505021
0.42	0.376463
0.40	0.307199
0.38	0.254159
0.36	0.211380
0.34	0.177663
0.32	0.148257
0.30	0.124508
0.28	0.104112
0.26	0.085725
0.24	0.070472
0.22	0.057495
0.20	0.046087
0.18	0.035964
0.16	0.028238
0.14	0.020949
0.12	0.015336
0.10	0.010430
0.08	0.006834
0.06	0.003862
0.04	0.001673
0.02	0.000513
-0.00	0.000483
