0.00	0.007813
0.02	-0.018143
0.04	-0.039328
0.06	-0.059960
0.08	-0.079106
0.10	-0.103233
0.12	-0.122381
0.14	-0.144483
0.16	-0.167219
0.18	-0.190034
0.20	-0.214119
0.22	-0.238995
0.24	-0.265672
0.26	-0.293084
0.28	-0.321604
0.30	-0.352050
0.32	-0.384397
0.34	-0.420965
0.36	-0.459850
0.38	-0.502394
0.40	-0.553325
0.42	-0.608916
0.44	-0.714537
0.46	-0.791718
0.48	-0.839231
0.50	-0.873428
0.52	-0.897922
0.54	-0.915825
0.56	-0.933493
0.58	-0.944908
0.60	-0.954190
0.62	-0.962488
0.64	-0.969046
0.66	-0.974290
0.68	-0.978384
0.70	-0.981820
0.72	-0.984825
0.74	-0.987325
0.76	-0.989360
0.78	-0.990781
0.80	-0.992487
0.82	-0.993733
0.84	-0.994485
0.86	-0.995625
0.88	-0.996195
0.90	-0.996758
0.92	-0.997341
0.94	-0.997651
0.96	-0.998045
0.98	-0.998338
1.00	-0.998573
1.00	-0.998629
0.98	-0.998329
0.96	-0.998002
0.94	-0.997776
0.92	-0.997251
0.90	-0.996665
0.88	-0.996146
0.86	-0.995377
0.84	-0.994549
0.82	-0.993720
0.80	-0.992393
0.78	-0.990943
0.76	-0.989206
0.74	-0.987071
0.72	-0.984810
0.70	-0.981683
0.68	-0.978636
0.66	-0.973664
0.64	-0.968840
0.62	-0.962398
0.60	-0.953978
0.58	-0.945017
0.56	-0.933096
0.54	-0.917995
0.52	-0.897914
0.50	-0.872444
0.48	-0.838835
0.46	-0.790784
0.44	-0.710229
0.42	-0.613220
0.40	-0.553967
0.38	-0.503864
0.36	-0.459492
0.34	-0.421238
0.32	-0.384739
0.30	-0.352620
0.28	-0.322398
0.26	-0.292480
0.24	-0.265147
0.22	-0.239443
0.20	-0.214305
0.18	-0.189280
0.16	-0.167658
0.14	-0.144233
0.12	-0.123354
0.10	-0.101547
0.08	-0.081964
0.06	-0.061075
0.04	-0.039481
0.02	-0.020541
-0.00	-0.021973
