0.00	0.000000	0.000153
0.02	0.000193	0.000675
0.04	0.000332	0.000764
0.06	0.001020	0.000804
0.08	0.000904	0.000847
0.10	0.000315	0.000863
0.12	0.000993	0.000928
0.14	0.000808	0.000967
0.16	0.001702	0.001010
0.18	0.001031	0.001028
0.20	0.000364	0.001174
0.22	0.000176	0.001257
0.24	0.000515	0.001393
0.26	0.001100	0.001377
0.28	0.002134	0.001689
0.30	0.000091	0.001771
0.32	0.002319	0.002091
0.34	0.001765	0.002518
0.36	0.006087	0.002921
0.38	0.001732	0.003771
0.40	0.020002	0.005621
0.42	0.021513	0.008329
0.44	0.636293	0.004838
0.46	0.818642	0.001566
0.48	0.879545	0.000812
0.50	0.911117	0.000641
0.52	0.932926	0.000452
0.54	0.946766	0.000371
0.56	0.959624	0.000292
0.58	0.967268	0.000264
0.60	0.973416	0.000208
0.62	0.978540	0.000179
0.64	0.982631	0.000172
0.66	0.985688	0.000143
0.68	0.988158	0.000127
0.70	0.990163	0.000114
0.72	0.991796	0.000109
0.74	0.993228	0.000089
0.76	0.994358	0.000082
0.78	0.995146	0.000080
0.80	0.996043	0.000071
0.82	0.996718	0.000063
0.84	0.997122	0.000055
0.86	0.997721	0.000054
0.88	0.998036	0.000046
0.90	0.998334	0.000042
0.92	0.998631	0.000038
0.94	0.998790	0.000037
0.96	0.999004	0.000032
0.98	0.999154	0.000029
1.00	0.999272	0.000028
1.00	0.999301	0.000028
0.98	0.999146	0.000030
0.96	0.998977	0.000034
0.94	0.998860	0.000033
0.92	0.998580	0.000041
0.90	0.998281	0.000045
0.88	0.997999	0.000044
0.86	0.997592	0.000054
0.84	0.997169	0.000055
0.82	0.996715	0.000063
0.80	0.995987	0.000073
0.78	0.995224	0.000078
0.76	0.994243	0.000086
0.74	0.993052	0.000092
0.72	0.991810	0.000103
0.70	0.990012	0.000117
0.68	0.988299	0.000133
0.66	0.985366	0.000152
0.64	0.982497	0.000161
0.62	0.978584	0.000192
0.60	0.973393	0.000212
0.58	0.967403	0.000261
0.56	0.959336	0.000305
0.54	0.948339	0.000390
0.52	0.932796	0.000467
0.50	0.910925	0.000627
0.48	0.877940	0.000880
0.46	0.816914	0.001550
0.44	0.607351	0.005396
0.42	0.092569	0.008012
0.40	0.049626	0.005210
0.38	0.017996	0.003817
0.36	0.005057	0.003100
0.34	0.000853	0.002509
0.32	0.000140	0.002024
0.30	0.002099	0.001815
0.28	0.001489	0.001733
0.26	0.003409	0.001496
0.24	0.001320	0.001417
0.22	0.000925	0.001276
0.20	0.000881	0.001155
0.18	0.001132	0.001110
0.16	0.000432	0.001027
0.14	0.000112	0.000970
0.12	0.000097	0.000841
0.10	0.000785	0.000877
0.08	0.000830	0.000825
0.06	0.000043	0.000754
0.04	0.000307	0.000743
0.02	0.000063	0.000765
-0.00	0.000000	0.000459
