0.00	0.007813	0.000000
0.02	-0.020354	0.000503
0.04	-0.040227	0.000515
0.06	-0.059940	0.000474
0.08	-0.079918	0.000510
0.10	-0.100600	0.000490
0.12	-0.122212	0.000499
0.14	-0.144310	0.000514
0.16	-0.166895	0.000538
0.18	-0.189668	0.000515
0.20	-0.215177	0.000554
0.22	-0.238313	0.000567
0.24	-0.265132	0.000585
0.26	-0.292441	0.000592
0.28	-0.320537	0.000624
0.30	-0.352466	0.000600
0.32	-0.384883	0.000666
0.34	-0.420762	0.000629
0.36	-0.459729	0.000723
0.38	-0.503769	0.000708
0.40	-0.552840	0.000803
0.42	-0.613181	0.000848
0.44	-0.710003	0.001258
0.46	-0.790229	0.000860
0.48	-0.838137	0.000686
0.50	-0.871960	0.000569
0.52	-0.897399	0.000543
0.54	-0.917779	0.000441
0.56	-0.932331	0.000414
0.58	-0.944923	0.000359
0.60	-0.954471	0.000329
0.62	-0.961920	0.000297
0.64	-0.968598	0.000253
0.66	-0.974438	0.000232
0.68	-0.978032	0.000227
0.70	-0.982059	0.000185
0.72	-0.984768	0.000187
0.74	-0.987405	0.000164
0.76	-0.989275	0.000148
0.78	-0.990830	0.000133
0.80	-0.992253	0.000126
0.82	-0.993588	0.000116
0.84	-0.994676	0.000103
0.86	-0.995610	0.000093
0.88	-0.996070	0.000089
0.90	-0.996713	0.000082
0.92	-0.997220	0.000072
0.94	-0.997656	0.000070
0.96	-0.998024	0.000062
0.98	-0.998335	0.000058
1.00	-0.998572	0.000055
1.00	-0.998638	0.000055
0.98	-0.998366	0.000059
0.96	-0.998077	0.000062
0.94	-0.997711	0.000070
0.92	-0.997334	0.000070
0.90	-0.996732	0.000078
0.88	-0.996065	0.000087
0.86	-0.995447	0.000094
0.84	-0.994615	0.000105
0.82	-0.993517	0.000112
0.80	-0.992478	0.000122
0.78	-0.990922	0.000135
0.76	-0.989203	0.000147
0.74	-0.987089	0.000157
0.72	-0.984567	0.000191
0.70	-0.981987	0.000186
0.68	-0.978514	0.000217
0.66	-0.974654	0.000245
0.64	-0.968882	0.000274
0.62	-0.962198	0.000297
0.60	-0.954197	0.000328
0.58	-0.945170	0.000363
0.56	-0.933039	0.000431
0.54	-0.917382	0.000458
0.52	-0.898231	0.000502
0.50	-0.872860	0.000627
0.48	-0.839594	0.000694
0.46	-0.790991	0.000851
0.44	-0.696413	0.001343
0.42	-0.610958	0.000861
0.40	-0.553894	0.000814
0.38	-0.503402	0.000752
0.36	-0.459456	0.000759
0.34	-0.421145	0.000666
0.32	-0.384938	0.000676
0.30	-0.352428	0.000595
0.28	-0.322498	0.000568
0.26	-0.293710	0.000611
0.24	-0.264658	0.000561
0.22	-0.239274	0.000577
0.20	-0.214189	0.000560
0.18	-0.189979	0.000504
0.16	-0.167886	0.000536
0.14	-0.145200	0.000526
0.12	-0.122574	0.000513
0.10	-0.101191	0.000536
0.08	-0.080925	0.000484
0.06	-0.060576	0.000493
0.04	-0.040936	0.000498
0.02	-0.020774	0.000475
-0.00	-0.023438	0.000000
