0.00	0.000012
0.02	0.000227
0.04	0.000291
0.06	0.000324
0.08	0.000358
0.10	0.000372
0.12	0.000430
0.14	0.000468
0.16	0.000512
0.18	0.000528
0.20	0.000688
0.22	0.000788
0.24	0.000968
0.26	0.000947
0.28	0.001428
0.30	0.001564
0.32	0.002188
0.34	0.003167
0.36	0.004295
0.38	0.007099
0.40	0.016166
0.42	0.035079
0.44	0.416547
0.46	0.671398
0.48	0.773928
0.50	0.830340
0.52	0.870452
0.54	0.896434
0.56	0.920921
0.58	0.935641
0.60	0.947560
0.62	0.957557
0.64	0.965578
0.66	0.971590
0.68	0.976465
0.70	0.980429
0.72	0.983665
0.74	0.986505
0.76	0.988752
0.78	0.990320
0.80	0.992104
0.82	0.993448
0.84	0.994254
0.86	0.995448
0.88	0.996077
0.90	0.996672
0.92	0.997264
0.94	0.997582
0.96	0.998009
0.98	0.998310
1.00	0.998546
1.00	0.998602
0.98	0.998292
0.96	0.997955
0.94	0.997723
0.92	0.997163
0.90	0.996566
0.88	0.996003
0.86	0.995191
0.84	0.994347
0.82	0.993442
0.80	0.991993
0.78	0.990473
0.76	0.988523
0.74	0.986156
0.72	0.983692
0.70	0.980130
0.68	0.976743
0.66	0.970958
0.64	0.965313
0.62	0.957645
0.60	0.947516
0.58	0.935903
0.56	0.920372
0.54	0.899423
0.52	0.870217
0.50	0.829980
0.48	0.771166
0.46	0.668547
0.44	0.383405
0.42	0.040601
0.40	0.016007
0.38	0.007595
0.36	0.004820
0.34	0.003143
0.32	0.002044
0.30	0.001647
0.28	0.001501
0.26	0.001129
0.24	0.001004
0.22	0.000813
0.20	0.000666
0.18	0.000616
0.16	0.000526
0.14	0.000470
0.12	0.000353
0.10	0.000384
0.08	0.000340
0.06	0.000284
0.04	0.000276
0.02	0.000292
-0.00	0.000105
