0.00	0.000000
0.02	0.000193
0.04	0.000332
0.06	0.001020
0.08	0.000904
0.10	0.000315
0.12	0.000993
0.14	0.000808
0.16	0.001702
0.18	0.001031
0.20	0.000364
0.22	0.000176
0.24	0.000515
0.26	0.001100
0.28	0.002134
0.30	0.000091
0.32	0.002319
0.34	0.001765
0.36	0.006087
0.38	0.001732
0.40	0.020002
0.42	0.021513
0.44	0.636293
0.46	0.818642
0.48	0.879545
0.50	0.911117
0.52	0.932926
0.54	0.946766
0.56	0.959624
0.58	0.967268
0.60	0.973416
0.62	0.978540
0.64	0.982631
0.66	0.985688
0.68	0.988158
0.70	0.990163
0.72	0.991796
0.74	0.993228
0.76	0.994358
0.78	0.995146
0.80	0.996043
0.82	0.996718
0.84	0.997122
0.86	0.997721
0.88	0.998036
0.90	0.998334
0.92	0.998631
0.94	0.998790
0.96	0.999004
0.98	0.999154
1.00	0.999272
1.00	0.999301
0.98	0.999146
0.96	0.998977
0.94	0.998860
0.92	0.998580
0.90	0.998281
0.88	0.997999
0.86	0.997592
0.84	0.997169
0.82	0.996715
0.80	0.995987
0.78	0.995224
0.76	0.994243
0.74	0.993052
0.72	0.991810
0.70	0.990012
0.68	0.988299
0.66	0.985366
0.64	0.982497
0.62	0.978584
0.60	0.973393
0.58	0.967403
0.56	0.959336
0.54	0.948339
0.52	0.932796
0.50	0.910925
0.48	0.877940
0.46	0.816914
0.44	0.607351
0.42	0.092569
0.40	0.049626
0.38	0.017996
0.36	0.005057
0.34	0.000853
0.32	0.000140
0.30	0.002099
0.28	0.001489
0.26	0.003409
0.24	0.001320
0.22	0.000925
0.20	0.000881
0.18	0.001132
0.16	0.000432
0.14	0.000112
0.12	0.000097
0.10	0.000785
0.08	0.000830
0.06	0.000043
0.04	0.000307
0.02	0.000063
-0.00	0.000000
