0.00	0.047852
0.02	0.930695
0.04	1.191685
0.06	1.322426
0.08	1.464979
0.10	1.523020
0.12	1.759149
0.14	1.912631
0.16	2.085709
0.18	2.159968
0.20	2.818830
0.22	3.228737
0.24	3.964714
0.26	3.874399
0.28	5.831505
0.30	6.407374
0.32	8.940058
0.34	12.957665
0.36	17.442454
0.38	29.065070
0.40	64.576839
0.42	141.787417
0.44	47.835613
0.46	5.012500
0.48	1.348493
0.50	0.840339
0.52	0.417680
0.54	0.280820
0.56	0.174576
0.58	0.142585
0.60	0.088046
0.62	0.065843
0.64	0.060458
0.66	0.041924
0.68	0.032899
0.70	0.026665
0.72	0.024354
0.74	0.016087
0.76	0.013749
0.78	0.012969
0.80	0.010189
0.82	0.008075
0.84	0.006225
0.86	0.005892
0.88	0.004236
0.90	0.003576
0.92	0.002955
0.94	0.002794
0.96	0.002045
0.98	0.001742
1.00	0.001553
1.00	0.001552
0.98	0.001820
0.96	0.002405
0.94	0.002213
0.92	0.003367
0.90	0.004052
0.88	0.003883
0.86	0.005898
0.84	0.006185
0.82	0.008139
0.80	0.010807
0.78	0.012416
0.76	0.015037
0.74	0.017442
0.72	0.021655
0.70	0.028203
0.68	0.036346
0.66	0.047474
0.64	0.053014
0.62	0.075317
0.60	0.091994
0.58	0.139648
0.56	0.190607
0.54	0.311229
0.52	0.445293
0.50	0.802399
0.48	1.581505
0.46	4.907854
0.44	59.513954
0.42	131.202495
0.40	55.478922
0.38	29.782304
0.36	19.636146
0.34	12.871587
0.32	8.371531
0.30	6.729450
0.28	6.140656
0.26	4.575334
0.24	4.104621
0.22	3.327417
0.20	2.726201
0.18	2.517024
0.16	2.154717
0.14	1.924157
0.12	1.445432
0.10	1.571623
0.08	1.391377
0.06	1.161602
0.04	1.129185
0.02	1.197449
-0.00	0.430664
