100.000000 0.000000
600.720000 0.000000
1101.440000 0.000000
1602.160000 0.000000
2102.880000 0.000000
2603.600000 0.000000
3104.320000 0.000000
3605.040000 0.000000
4105.760000 0.000000
4606.480000 0.000000
5107.200000 0.000000
5607.920000 0.000000
6108.640000 0.000000
6609.360000 0.000000
7110.080000 0.000000
7610.800000 0.000000
8111.520000 0.000000
8612.240000 0.000000
9112.960000 0.000000
9613.680000 0.000000
10114.400000 0.000000
10615.120000 0.000000
11115.840000 0.000000
11616.560000 0.000000
12117.280000 0.000000
12618.000000 0.000000
13118.720000 0.000000
13619.440000 0.000000
14120.160000 0.000000
14620.880000 0.000000
15121.600000 0.000000
15622.320000 0.000000
16123.040000 0.000000
16623.760000 0.000000
17124.480000 0.000000
17625.200000 0.000000
18125.920000 0.000000
18626.640000 0.000000
19127.360000 0.000000
19628.080000 0.000000
20128.800000 0.000000
20629.520000 0.000000
21130.240000 0.000000
21630.960000 0.000000
22131.680000 0.000004
22632.400000 0.000096
23133.120000 0.000596
23633.840000 0.000948
24134.560000 0.000330
24635.280000 0.000023
