-0.792969 0.193082
-0.779158 0.796465
-0.765347 2.099770
-0.751536 3.934052
-0.737725 6.588934
-0.723914 8.978328
-0.710103 8.616298
-0.696292 9.267951
-0.682480 7.457804
-0.668669 5.164952
-0.654858 4.778787
-0.641047 3.789240
-0.627236 2.268717
-0.613425 2.220447
-0.599614 1.327441
-0.585803 0.941276
-0.571992 1.061953
-0.558181 0.579247
-0.544370 0.651653
-0.530559 0.386165
-0.516748 0.144812
-0.502937 0.362029
-0.489126 0.144812
-0.475315 0.048271
-0.461504 0.096541
-0.447693 0.120676
-0.433882 0.024135
-0.420071 0.024135
-0.406260 0.048271
-0.392449 0.048271
-0.378638 0.120676
-0.364827 0.048271
-0.351016 0.000000
-0.337205 0.024135
-0.323394 0.000000
-0.309583 0.000000
-0.295771 0.000000
-0.281960 0.000000
-0.268149 0.024135
-0.254338 0.000000
-0.240527 0.000000
-0.226716 0.000000
-0.212905 0.000000
-0.199094 0.000000
-0.185283 0.000000
-0.171472 0.000000
-0.157661 0.000000
-0.143850 0.000000
-0.130039 0.000000
-0.116228 0.024135
