-0.955078 0.107321
-0.916875 1.711902
-0.878672 3.657641
-0.840469 3.400245
-0.802266 2.005072
-0.764062 1.060123
-0.725859 0.486871
-0.687656 0.286190
-0.649453 0.141350
-0.611250 0.088125
-0.573047 0.052352
-0.534844 0.028793
-0.496641 0.030539
-0.458438 0.016578
-0.420234 0.006980
-0.382031 0.006980
-0.343828 0.004363
-0.305625 0.006108
-0.267422 0.005235
-0.229219 0.000000
-0.191016 0.002618
-0.152813 0.001745
-0.114609 0.002618
-0.076406 0.003490
-0.038203 0.001745
-0.000000 0.002618
0.038203 0.000873
0.076406 0.002618
0.114609 0.000873
0.152813 0.001745
0.191016 0.003490
0.229219 0.001745
0.267422 0.000873
0.305625 0.004363
0.343828 0.006108
0.382031 0.013088
0.420234 0.014833
0.458437 0.025303
0.496641 0.027921
0.534844 0.068057
0.573047 0.090743
0.611250 0.150075
0.649453 0.285317
0.687656 0.496469
0.725859 1.044417
0.764062 1.857614
0.802266 3.389775
0.840469 3.676837
0.878672 1.777342
0.916875 0.117791
