0.578125 0.004767
0.585117 0.000000
0.592109 0.000000
0.599102 0.000000
0.606094 0.000000
0.613086 0.004767
0.620078 0.000000
0.627070 0.014302
0.634062 0.014302
0.641055 0.019069
0.648047 0.033371
0.655039 0.085810
0.662031 0.147784
0.669023 0.190689
0.676016 0.214525
0.683008 0.491024
0.690000 0.467188
0.696992 0.920074
0.703984 1.301453
0.710977 1.291918
0.717969 2.288268
0.724961 2.183389
0.731953 3.689832
0.738945 3.484842
0.745938 5.816015
0.752930 7.165140
0.759922 6.512030
0.766914 9.224581
0.773906 7.680000
0.780898 11.379367
0.787891 8.905177
0.794883 12.022942
0.801875 11.755978
0.808867 8.028007
0.815859 9.343762
0.822852 6.192626
0.829844 7.146071
0.836836 5.529981
0.843828 2.779292
0.850820 2.798361
0.857812 1.406331
0.864805 1.163203
0.871797 0.567300
0.878789 0.457654
0.885781 0.162086
0.892773 0.057207
0.899766 0.052439
0.906758 0.004767
0.913750 0.009534
0.920742 0.009534
