0.00	32.888889
0.05	-54.237669
0.10	-104.019322
0.15	-150.416861
0.20	-192.826592
0.25	-230.073633
0.30	-261.407142
0.35	-282.005381
0.40	-281.422486
0.45	-209.096289
0.50	-126.716922
0.55	-79.205497
0.60	-49.695622
0.65	-31.357547
0.70	-20.589400
0.75	-13.188019
0.80	-8.382892
0.85	-5.642378
0.90	-3.580939
0.95	-2.444997
1.00	-1.686953
1.05	-1.068244
1.10	-0.724117
1.15	-0.425650
1.20	-0.295450
1.25	-0.230328
1.30	-0.119953
1.35	-0.084211
1.40	-0.063556
1.45	-0.055611
1.50	-0.025422
1.55	-0.027011
1.60	-0.004767
1.65	-0.011122
1.70	-0.006356
1.75	0.000000
1.80	-0.001589
1.85	-0.001589
1.90	-0.001589
1.95	-0.001589
2.00	0.000000
1.95	-0.001589
1.90	-0.001589
1.85	0.000000
1.80	-0.001589
1.75	-0.003178
1.70	-0.001589
1.65	-0.004767
1.60	-0.014300
1.55	-0.022244
1.50	-0.020656
1.45	-0.030167
1.40	-0.077856
1.35	-0.111222
1.30	-0.118347
1.25	-0.207342
1.20	-0.338267
1.15	-0.501928
1.10	-0.762769
1.05	-1.088911
1.00	-1.651408
0.95	-2.449281
0.90	-3.800972
0.85	-5.689594
0.80	-8.615350
0.75	-13.420567
0.70	-20.244808
0.65	-31.334186
0.60	-49.722731
0.55	-79.165428
0.50	-126.081375
0.45	-208.175364
0.40	-281.355006
0.35	-281.779431
0.30	-261.355869
0.25	-229.872692
0.20	-193.006106
0.15	-150.440872
0.10	-104.355697
0.05	-54.921319
