0.00	0.007813
0.01	-0.009089
0.02	-0.020367
0.03	-0.030437
0.04	-0.040112
0.05	-0.051863
0.06	-0.060465
0.07	-0.071261
0.08	-0.080722
0.09	-0.091208
0.10	-0.100461
0.11	-0.112410
0.12	-0.123167
0.13	-0.132923
0.14	-0.145017
0.15	-0.155576
0.16	-0.166946
0.17	-0.178445
0.18	-0.190312
0.19	-0.202631
0.20	-0.214971
0.21	-0.226699
0.22	-0.239767
0.23	-0.252585
0.24	-0.264842
0.25	-0.278989
0.26	-0.292238
0.27	-0.306492
0.28	-0.322096
0.29	-0.336495
0.30	-0.352904
0.31	-0.368608
0.32	-0.385157
0.33	-0.401653
0.34	-0.420707
0.35	-0.440588
0.36	-0.460068
0.37	-0.481745
0.38	-0.504068
0.39	-0.527403
0.40	-0.555049
0.41	-0.580404
0.42	-0.613591
0.43	-0.645196
0.44	-0.702606
0.45	-0.757939
0.46	-0.789070
0.47	-0.820097
0.48	-0.839818
0.49	-0.858685
0.50	-0.872437
0.51	-0.887184
0.52	-0.898340
0.53	-0.908262
0.54	-0.917652
0.55	-0.925058
0.56	-0.932076
0.57	-0.939056
0.58	-0.944566
0.59	-0.950398
0.60	-0.954185
0.61	-0.958824
0.62	-0.962001
0.63	-0.965332
0.64	-0.968606
0.65	-0.971283
0.66	-0.974114
0.67	-0.976410
0.68	-0.979018
0.69	-0.980255
0.70	-0.981766
0.71	-0.983372
0.72	-0.985127
0.73	-0.985813
0.74	-0.987217
0.75	-0.988408
0.76	-0.989553
0.77	-0.990400
0.78	-0.990847
0.79	-0.991624
0.80	-0.992562
0.81	-0.992874
0.82	-0.993506
0.83	-0.994415
0.84	-0.994599
0.85	-0.995189
0.86	-0.995431
0.87	-0.995881
0.88	-0.996021
0.89	-0.996396
0.90	-0.996761
0.91	-0.996852
0.92	-0.997289
0.93	-0.997572
0.94	-0.997586
0.95	-0.997927
0.96	-0.997943
0.97	-0.998183
0.98	-0.998293
0.99	-0.998474
1.00	-0.998540
1.00	-0.998545
0.99	-0.998501
0.98	-0.998437
0.97	-0.998088
0.96	-0.997941
0.95	-0.997830
0.94	-0.997639
0.93	-0.997536
0.92	-0.997343
0.91	-0.996801
0.90	-0.996651
0.89	-0.996456
0.88	-0.996140
0.87	-0.995639
0.86	-0.995532
0.85	-0.995050
0.84	-0.994635
0.83	-0.994016
0.82	-0.993643
0.81	-0.992978
0.80	-0.992386
0.79	-0.991792
0.78	-0.990774
0.77	-0.990126
0.76	-0.989339
0.75	-0.988554
0.74	-0.987057
0.73	-0.986470
0.72	-0.984689
0.71	-0.983368
0.70	-0.981796
0.69	-0.980528
0.68	-0.978305
0.67	-0.976213
0.66	-0.973769
0.65	-0.971624
0.64	-0.968552
0.63	-0.966201
0.62	-0.961969
0.61	-0.958716
0.60	-0.954396
0.59	-0.949587
0.58	-0.944452
0.57	-0.939854
0.56	-0.933106
0.55	-0.925084
0.54	-0.917086
0.53	-0.909547
0.52	-0.898110
0.51	-0.886834
0.50	-0.872538
0.49	-0.857130
0.48	-0.839521
0.47	-0.816480
0.46	-0.790094
0.45	-0.754725
0.44	-0.704794
0.43	-0.652077
0.42	-0.613355
0.41	-0.579216
0.40	-0.552263
0.39	-0.528340
0.38	-0.503359
0.37	-0.482083
0.36	-0.459564
0.35	-0.440664
0.34	-0.420727
0.33	-0.403286
0.32	-0.386373
0.31	-0.367342
0.30	-0.352647
0.29	-0.336283
0.28	-0.321504
0.27	-0.306599
0.26	-0.291514
0.25	-0.278963
0.24	-0.264230
0.23	-0.250441
0.22	-0.239025
0.21	-0.225933
0.20	-0.214126
0.19	-0.202591
0.18	-0.190939
0.17	-0.177917
0.16	-0.166835
0.15	-0.155416
0.14	-0.144272
0.13	-0.134140
0.12	-0.123194
0.11	-0.111049
0.10	-0.102851
0.09	-0.091046
0.08	-0.081381
0.07	-0.071080
0.06	-0.060276
0.05	-0.050931
0.04	-0.040410
0.03	-0.031273
0.02	-0.018410
0.01	-0.009678
-0.00	-0.017578
