0.00	0.000772
0.05	0.003483
0.10	0.011185
0.15	0.025231
0.20	0.046986
0.25	0.078683
0.30	0.125833
0.35	0.195706
0.40	0.312221
0.45	0.573722
0.50	0.762482
0.55	0.856171
0.60	0.911267
0.65	0.944536
0.70	0.963780
0.75	0.976881
0.80	0.985336
0.85	0.990142
0.90	0.993750
0.95	0.995735
1.00	0.997059
1.05	0.998138
1.10	0.998738
1.15	0.999258
1.20	0.999485
1.25	0.999599
1.30	0.999791
1.35	0.999853
1.40	0.999889
1.45	0.999903
1.50	0.999956
1.55	0.999953
1.60	0.999992
1.65	0.999981
1.70	0.999989
1.75	1.000000
1.80	0.999997
1.85	0.999997
1.90	0.999997
1.95	0.999997
2.00	1.000000
1.95	0.999997
1.90	0.999997
1.85	1.000000
1.80	0.999997
1.75	0.999994
1.70	0.999997
1.65	0.999992
1.60	0.999975
1.55	0.999961
1.50	0.999964
1.45	0.999947
1.40	0.999864
1.35	0.999806
1.30	0.999794
1.25	0.999639
1.20	0.999411
1.15	0.999125
1.10	0.998671
1.05	0.998102
1.00	0.997120
0.95	0.995727
0.90	0.993366
0.85	0.990061
0.80	0.984930
0.75	0.976472
0.70	0.964385
0.65	0.944580
0.60	0.911221
0.55	0.856248
0.50	0.763781
0.45	0.576444
0.40	0.312654
0.35	0.194238
0.30	0.125795
0.25	0.078438
0.20	0.047135
0.15	0.025233
0.10	0.011281
0.05	0.003509
