0.00	0.000001
0.05	0.000009
0.10	0.000010
0.15	0.000012
0.20	0.000014
0.25	0.000017
0.30	0.000022
0.35	0.000033
0.40	0.000065
0.45	0.000152
0.50	0.000007
0.55	0.000004
0.60	0.000003
0.65	0.000002
0.70	0.000001
0.75	0.000001
0.80	0.000001
0.85	0.000001
0.90	0.000001
0.95	0.000000
1.00	0.000000
1.05	0.000000
1.10	0.000000
1.15	0.000000
1.20	0.000000
1.25	0.000000
1.30	0.000000
1.35	0.000000
1.40	0.000000
1.45	0.000000
1.50	0.000000
1.55	0.000000
1.60	0.000000
1.65	0.000000
1.70	0.000000
1.75	0.000000
1.80	0.000000
1.85	0.000000
1.90	0.000000
1.95	0.000000
2.00	0.000000
1.95	0.000000
1.90	0.000000
1.85	0.000000
1.80	0.000000
1.75	0.000000
1.70	0.000000
1.65	0.000000
1.60	0.000000
1.55	0.000000
1.50	0.000000
1.45	0.000000
1.40	0.000000
1.35	0.000000
1.30	0.000000
1.25	0.000000
1.20	0.000000
1.15	0.000000
1.10	0.000000
1.05	0.000000
1.00	0.000000
0.95	0.000000
0.90	0.000001
0.85	0.000001
0.80	0.000001
0.75	0.000001
0.70	0.000001
0.65	0.000002
0.60	0.000003
0.55	0.000004
0.50	0.000007
0.45	0.000136
0.40	0.000066
0.35	0.000033
0.30	0.000022
0.25	0.000017
0.20	0.000014
0.15	0.000012
0.10	0.000010
0.05	0.000009
