0.00	0.000000
0.05	0.000968
0.10	0.000220
0.15	0.000709
0.20	0.000390
0.25	0.000165
0.30	0.000637
0.35	0.000374
0.40	0.024604
0.45	0.033080
0.50	0.911049
0.55	0.953465
0.60	0.973419
0.65	0.984177
0.70	0.990031
0.75	0.993768
0.80	0.996129
0.85	0.997424
0.90	0.998379
0.95	0.998899
1.00	0.999244
1.05	0.999524
1.10	0.999677
1.15	0.999812
1.20	0.999870
1.25	0.999899
1.30	0.999947
1.35	0.999963
1.40	0.999972
1.45	0.999976
1.50	0.999989
1.55	0.999988
1.60	0.999998
1.65	0.999995
1.70	0.999997
1.75	1.000000
1.80	0.999999
1.85	0.999999
1.90	0.999999
1.95	0.999999
2.00	1.000000
1.95	0.999999
1.90	0.999999
1.85	1.000000
1.80	0.999999
1.75	0.999999
1.70	0.999999
1.65	0.999998
1.60	0.999994
1.55	0.999990
1.50	0.999991
1.45	0.999987
1.40	0.999966
1.35	0.999951
1.30	0.999947
1.25	0.999909
1.20	0.999851
1.15	0.999778
1.10	0.999662
1.05	0.999518
1.00	0.999259
0.95	0.998899
0.90	0.998267
0.85	0.997401
0.80	0.996017
0.75	0.993691
0.70	0.990181
0.65	0.984276
0.60	0.973555
0.55	0.953433
0.50	0.911788
0.45	0.365615
0.40	0.009888
0.35	0.002200
0.30	0.005894
0.25	0.001708
0.20	0.002340
0.15	0.000532
0.10	0.000143
0.05	0.000215
