0.00	0.000048
0.05	0.002225
0.10	0.002606
0.15	0.003641
0.20	0.005028
0.25	0.007099
0.30	0.012182
0.35	0.027251
0.40	0.106599
0.45	0.580527
0.50	0.831364
0.55	0.909518
0.60	0.947719
0.65	0.968692
0.70	0.980209
0.75	0.987603
0.80	0.992290
0.85	0.994866
0.90	0.996768
0.95	0.997804
1.00	0.998492
1.05	0.999049
1.10	0.999355
1.15	0.999626
1.20	0.999741
1.25	0.999798
1.30	0.999895
1.35	0.999927
1.40	0.999945
1.45	0.999951
1.50	0.999978
1.55	0.999976
1.60	0.999996
1.65	0.999990
1.70	0.999994
1.75	1.000000
1.80	0.999999
1.85	0.999999
1.90	0.999999
1.95	0.999999
2.00	1.000000
1.95	0.999999
1.90	0.999999
1.85	1.000000
1.80	0.999999
1.75	0.999997
1.70	0.999999
1.65	0.999996
1.60	0.999988
1.55	0.999981
1.50	0.999982
1.45	0.999974
1.40	0.999932
1.35	0.999903
1.30	0.999895
1.25	0.999818
1.20	0.999702
1.15	0.999558
1.10	0.999326
1.05	0.999038
1.00	0.998522
0.95	0.997803
0.90	0.996545
0.85	0.994819
0.80	0.992067
0.75	0.987449
0.70	0.980507
0.65	0.968886
0.60	0.947978
0.55	0.909456
0.50	0.832660
0.45	0.593029
0.40	0.108610
0.35	0.026874
0.30	0.012502
0.25	0.007165
0.20	0.005005
0.15	0.003616
0.10	0.002724
0.05	0.002168
