0.00	0.000000
0.02	0.000449
0.04	-0.001045
0.06	-0.001113
0.08	0.003232
0.10	-0.001650
0.12	0.003252
0.14	-0.003262
0.16	0.000488
0.18	-0.002725
0.20	-0.002373
0.22	0.002490
0.24	0.005557
0.26	-0.002266
0.28	-0.002305
0.30	0.004795
0.32	0.009287
0.34	0.016230
0.36	0.011836
0.38	0.037607
0.40	0.000459
0.42	0.199316
0.44	0.509600
0.46	0.823203
0.48	0.883672
0.50	0.912666
0.52	0.932295
0.54	0.947324
0.56	0.958691
0.58	0.966484
0.60	0.973770
0.62	0.979639
0.64	0.982852
0.66	0.986084
0.68	0.988584
0.70	0.990137
0.72	0.991699
0.74	0.993096
0.76	0.994482
0.78	0.995430
0.80	0.996016
0.82	0.996572
0.84	0.997139
0.86	0.997549
0.88	0.998096
0.90	0.998389
0.92	0.998701
0.94	0.999004
0.96	0.998984
0.98	0.999326
1.00	0.999131
1.00	0.999395
0.98	0.999170
0.96	0.998936
0.94	0.998750
0.92	0.998643
0.90	0.998643
0.88	0.997881
0.86	0.997549
0.84	0.997061
0.82	0.996641
0.80	0.995889
0.78	0.995059
0.76	0.994541
0.74	0.993281
0.72	0.991631
0.70	0.989873
0.68	0.988857
0.66	0.985410
0.64	0.982949
0.62	0.978643
0.60	0.973682
0.58	0.966816
0.56	0.958115
0.54	0.948213
0.52	0.931025
0.50	0.910557
0.48	0.882949
0.46	0.827803
0.44	0.668359
0.42	0.032070
0.40	0.056875
0.38	0.028320
0.36	0.004893
0.34	-0.006631
0.32	-0.000078
0.30	0.012861
0.28	0.000322
0.26	0.004854
0.24	-0.010703
0.22	0.007783
0.20	-0.003594
0.18	-0.003779
0.16	-0.000654
0.14	-0.003750
0.12	0.000586
0.10	0.000566
0.08	-0.001533
0.06	-0.000117
0.04	-0.000859
0.02	0.002598
-0.00	0.000000
