0.00	0.047852
0.02	-0.869727
0.04	-3.133574
0.06	-3.162266
0.08	-11.658145
0.10	-5.895723
0.12	-10.918066
0.14	-11.367930
0.16	0.014180
0.18	-9.471230
0.20	-6.456895
0.22	-5.569082
0.24	-18.005449
0.26	-5.222773
0.28	-6.288047
0.30	-13.824551
0.32	-26.795684
0.34	-51.008984
0.36	-27.173008
0.38	-123.968066
0.40	30.455566
0.42	-581.400781
0.44	-961.739121
0.46	-592.722930
0.48	-419.970508
0.50	-325.554980
0.52	-258.104316
0.54	-204.137070
0.56	-161.999023
0.58	-132.555898
0.60	-104.541836
0.62	-81.636934
0.64	-68.987109
0.66	-56.172480
0.68	-46.202285
0.70	-39.972656
0.72	-33.701797
0.74	-28.069629
0.76	-22.462285
0.78	-18.626211
0.80	-16.247969
0.82	-13.984980
0.84	-11.680449
0.86	-10.007441
0.88	-7.781191
0.90	-6.585723
0.92	-5.309941
0.94	-4.073828
0.96	-4.153359
0.98	-2.755801
1.00	-3.554707
1.00	-2.477578
0.98	-3.395332
0.96	-4.352402
0.94	-5.110977
0.92	-5.549980
0.90	-5.549512
0.88	-8.656660
0.86	-10.012168
0.84	-12.000371
0.82	-13.704883
0.80	-16.759785
0.78	-20.124727
0.76	-22.225098
0.74	-27.320156
0.72	-33.959434
0.70	-41.038965
0.68	-45.094941
0.66	-58.851641
0.64	-68.594336
0.62	-85.553418
0.60	-104.865215
0.58	-131.276875
0.56	-164.107051
0.54	-200.940176
0.52	-262.528223
0.50	-332.974395
0.48	-422.389727
0.46	-578.012129
0.44	-882.681055
0.42	34.787539
0.40	-190.356680
0.38	-74.400586
0.36	-0.850918
0.34	-15.118340
0.32	9.834922
0.30	-46.140449
0.28	7.403613
0.26	-15.196543
0.24	-40.174727
0.22	-28.314629
0.20	-11.618477
0.18	-13.321230
0.16	-0.595137
0.14	-13.924727
0.12	-0.630195
0.10	-0.615117
0.08	-5.174902
0.06	1.303516
0.04	-2.612188
0.02	-9.916953
-0.00	0.562500
