100.000000 0.000000
221.440000 0.000000
342.880000 0.000000
464.320000 0.000000
585.760000 0.000000
707.200000 0.000000
828.640000 0.000000
950.080000 0.000000
1071.520000 0.000000
1192.960000 0.000000
1314.400000 0.000000
1435.840000 0.000000
1557.280000 0.000000
1678.720000 0.000000
1800.160000 0.000000
1921.600000 0.000000
2043.040000 0.000000
2164.480000 0.000000
2285.920000 0.000000
2407.360000 0.000000
2528.800000 0.000000
2650.240000 0.000000
2771.680000 0.000000
2893.120000 0.000000
3014.560000 0.000000
3136.000000 0.000000
3257.440000 0.000000
3378.880000 0.000000
3500.320000 0.000000
3621.760000 0.000000
3743.200000 0.000000
3864.640000 0.000000
3986.080000 0.000000
4107.520000 0.000000
4228.960000 0.000000
4350.400000 0.000000
4471.840000 0.000000
4593.280000 0.000000
4714.720000 0.000000
4836.160000 0.000000
4957.600000 0.000000
5079.040000 0.000000
5200.480000 0.000266
5321.920000 0.000266
5443.360000 0.000797
5564.800000 0.002125
5686.240000 0.001859
5807.680000 0.002125
5929.120000 0.000531
6050.560000 0.000266
