-0.906738 0.057499
-0.893984 0.397264
-0.881230 1.952343
-0.868477 5.449311
-0.855723 9.774783
-0.842969 12.032915
-0.830215 12.600061
-0.817461 10.574538
-0.804707 8.556856
-0.791953 5.891006
-0.779199 3.904686
-0.766445 2.501194
-0.753691 1.630873
-0.740938 1.019296
-0.728184 0.622032
-0.715430 0.444308
-0.702676 0.311016
-0.689922 0.198632
-0.677168 0.101930
-0.664414 0.075794
-0.651660 0.073180
-0.638906 0.044431
-0.626152 0.033977
-0.613398 0.036590
-0.600645 0.015681
-0.587891 0.026136
-0.575137 0.013068
-0.562383 0.010454
-0.549629 0.007841
-0.536875 0.002614
-0.524121 0.002614
-0.511367 0.005227
-0.498613 0.007841
-0.485859 0.000000
-0.473105 0.000000
-0.460352 0.000000
-0.447598 0.000000
-0.434844 0.002614
-0.422090 0.002614
-0.409336 0.010454
-0.396582 0.002614
-0.383828 0.000000
-0.371074 0.000000
-0.358320 0.002614
-0.345566 0.000000
-0.332812 0.000000
-0.320059 0.002614
-0.307305 0.000000
-0.294551 0.000000
-0.281797 0.007841
