0.00	0.000000
0.02	0.910732
0.04	0.944665
0.06	0.993721
0.08	1.075355
0.10	1.035740
0.12	0.992655
0.14	1.043722
0.16	1.149193
0.18	1.332079
0.20	1.047621
0.22	1.337522
0.24	1.382308
0.26	1.320761
0.28	1.421781
0.30	1.600454
0.32	1.849608
0.34	1.766162
0.36	1.971225
0.38	2.209839
0.40	2.500295
0.42	3.534938
0.44	8.279908
0.46	3.007912
0.48	2.001397
0.50	1.406291
0.52	1.069621
0.54	0.855210
0.56	0.630224
0.58	0.554270
0.60	0.490499
0.62	0.354314
0.64	0.316230
0.66	0.222459
0.68	0.226390
0.70	0.177205
0.72	0.139809
0.74	0.111514
0.76	0.093095
0.78	0.079280
0.80	0.065247
0.82	0.053698
0.84	0.046800
0.86	0.040661
0.88	0.033006
0.90	0.026467
0.92	0.021474
0.94	0.017277
0.96	0.016213
0.98	0.013911
1.00	0.011405
1.00	0.011391
0.98	0.014328
0.96	0.016442
0.94	0.017145
0.92	0.022727
0.90	0.027335
0.88	0.031096
0.86	0.041103
0.84	0.044142
0.82	0.054711
0.80	0.062506
0.78	0.069576
0.76	0.099863
0.74	0.114640
0.72	0.149886
0.70	0.163118
0.68	0.191253
0.66	0.215870
0.64	0.276579
0.62	0.360616
0.60	0.476067
0.58	0.504657
0.56	0.634312
0.54	0.852717
0.52	0.911174
0.50	1.447131
0.48	1.884641
0.46	2.966858
0.44	6.141643
0.42	3.349336
0.40	2.641249
0.38	2.088033
0.36	1.805411
0.34	1.963047
0.32	1.840401
0.30	1.754849
0.28	1.511934
0.26	1.345857
0.24	1.367584
0.22	1.224477
0.20	1.249387
0.18	1.096878
0.16	1.131143
0.14	0.988770
0.12	1.129223
0.10	1.061856
0.08	0.968358
0.06	0.914801
0.04	1.150885
0.02	0.963094
-0.00	0.000000
