0.00	0.000003
0.02	0.000416
0.04	0.001667
0.06	0.003667
0.08	0.006501
0.10	0.010326
0.12	0.015157
0.14	0.020958
0.16	0.027932
0.18	0.036094
0.20	0.045720
0.22	0.057187
0.24	0.070171
0.26	0.085802
0.28	0.103205
0.30	0.123967
0.32	0.148707
0.34	0.177375
0.36	0.211902
0.38	0.253643
0.40	0.306846
0.42	0.375872
0.44	0.496444
0.46	0.623291
0.48	0.703200
0.50	0.761314
0.52	0.806350
0.54	0.841539
0.56	0.869787
0.58	0.892869
0.60	0.911388
0.62	0.925996
0.64	0.938954
0.66	0.948680
0.68	0.957089
0.70	0.964010
0.72	0.969884
0.74	0.974934
0.76	0.978551
0.78	0.982234
0.80	0.984843
0.82	0.987227
0.84	0.989297
0.86	0.990818
0.88	0.992209
0.90	0.993575
0.92	0.994563
0.94	0.995339
0.96	0.995975
0.98	0.996698
1.00	0.997224
1.00	0.997187
0.98	0.996638
0.96	0.996075
0.94	0.995268
0.92	0.994595
0.90	0.993453
0.88	0.992293
0.86	0.991016
0.84	0.989242
0.82	0.987280
0.80	0.985104
0.78	0.981958
0.76	0.978924
0.74	0.974620
0.72	0.969658
0.70	0.964045
0.68	0.956973
0.66	0.948515
0.64	0.938424
0.62	0.925828
0.60	0.911643
0.58	0.893421
0.56	0.869793
0.54	0.841619
0.52	0.806071
0.50	0.761851
0.48	0.703978
0.46	0.625606
0.44	0.496358
0.42	0.377452
0.40	0.304980
0.38	0.253727
0.36	0.211929
0.34	0.177030
0.32	0.148364
0.30	0.124099
0.28	0.103467
0.26	0.085568
0.24	0.070089
0.22	0.057148
0.20	0.045937
0.18	0.036245
0.16	0.027825
0.14	0.020900
0.12	0.015120
0.10	0.010447
0.08	0.006560
0.06	0.003652
0.04	0.001656
0.02	0.000406
-0.00	0.000802
