0.00	0.001587
0.02	-0.019612
0.04	-0.040434
0.06	-0.060335
0.08	-0.080427
0.10	-0.101454
0.12	-0.122987
0.14	-0.144659
0.16	-0.167031
0.18	-0.189887
0.20	-0.213733
0.22	-0.239051
0.24	-0.264824
0.26	-0.292846
0.28	-0.321180
0.30	-0.352023
0.32	-0.385556
0.34	-0.421092
0.36	-0.460253
0.38	-0.503555
0.40	-0.553853
0.42	-0.612992
0.44	-0.704365
0.46	-0.789426
0.48	-0.838537
0.50	-0.872507
0.52	-0.897950
0.54	-0.917340
0.56	-0.932613
0.58	-0.944909
0.60	-0.954659
0.62	-0.962281
0.64	-0.968991
0.66	-0.973998
0.68	-0.978306
0.70	-0.981838
0.72	-0.984824
0.74	-0.987386
0.76	-0.989216
0.78	-0.991076
0.80	-0.992392
0.82	-0.993592
0.84	-0.994634
0.86	-0.995398
0.88	-0.996096
0.90	-0.996782
0.92	-0.997278
0.94	-0.997667
0.96	-0.997985
0.98	-0.998347
1.00	-0.998611
1.00	-0.998593
0.98	-0.998317
0.96	-0.998035
0.94	-0.997631
0.92	-0.997294
0.90	-0.996721
0.88	-0.996139
0.86	-0.995497
0.84	-0.994606
0.82	-0.993619
0.80	-0.992523
0.78	-0.990937
0.76	-0.989404
0.74	-0.987227
0.72	-0.984710
0.70	-0.981856
0.68	-0.978247
0.66	-0.973913
0.64	-0.968718
0.62	-0.962194
0.60	-0.954794
0.58	-0.945201
0.56	-0.932615
0.54	-0.917382
0.52	-0.897797
0.50	-0.872816
0.48	-0.838995
0.46	-0.790896
0.44	-0.704378
0.42	-0.614282
0.40	-0.552181
0.38	-0.503644
0.36	-0.460290
0.34	-0.420676
0.32	-0.385116
0.30	-0.352206
0.28	-0.321588
0.26	-0.292445
0.24	-0.264670
0.22	-0.238978
0.20	-0.214245
0.18	-0.190293
0.16	-0.166698
0.14	-0.144464
0.12	-0.122817
0.10	-0.102043
0.08	-0.080795
0.06	-0.060178
0.04	-0.040322
0.02	-0.019317
-0.00	-0.028320
