0.00	0.001587	0.000000
0.02	-0.019602	0.000236
0.04	-0.039414	0.000240
0.06	-0.060889	0.000247
0.08	-0.080611	0.000256
0.10	-0.101386	0.000252
0.12	-0.123108	0.000246
0.14	-0.144722	0.000253
0.16	-0.167337	0.000265
0.18	-0.189841	0.000285
0.20	-0.214270	0.000253
0.22	-0.238998	0.000286
0.24	-0.265319	0.000291
0.26	-0.291836	0.000284
0.28	-0.321691	0.000295
0.30	-0.352647	0.000313
0.32	-0.385421	0.000336
0.34	-0.421015	0.000329
0.36	-0.459896	0.000347
0.38	-0.503408	0.000368
0.40	-0.553120	0.000391
0.42	-0.612684	0.000465
0.44	-0.698757	0.000712
0.46	-0.790694	0.000429
0.48	-0.838882	0.000350
0.50	-0.872680	0.000293
0.52	-0.897560	0.000256
0.54	-0.917514	0.000229
0.56	-0.932740	0.000196
0.58	-0.945016	0.000184
0.60	-0.954478	0.000173
0.62	-0.962469	0.000147
0.64	-0.968851	0.000139
0.66	-0.973933	0.000117
0.68	-0.978273	0.000118
0.70	-0.981900	0.000104
0.72	-0.984769	0.000092
0.74	-0.987357	0.000083
0.76	-0.989317	0.000075
0.78	-0.991031	0.000070
0.80	-0.992421	0.000063
0.82	-0.993560	0.000057
0.84	-0.994553	0.000053
0.86	-0.995415	0.000050
0.88	-0.996181	0.000045
0.90	-0.996779	0.000040
0.92	-0.997171	0.000036
0.94	-0.997685	0.000033
0.96	-0.998056	0.000031
0.98	-0.998324	0.000029
1.00	-0.998583	0.000026
1.00	-0.998604	0.000026
0.98	-0.998315	0.000030
0.96	-0.998035	0.000032
0.94	-0.997658	0.000032
0.92	-0.997270	0.000037
0.90	-0.996731	0.000041
0.88	-0.996143	0.000044
0.86	-0.995529	0.000050
0.84	-0.994670	0.000052
0.82	-0.993631	0.000058
0.80	-0.992427	0.000062
0.78	-0.991014	0.000065
0.76	-0.989244	0.000078
0.74	-0.987257	0.000084
0.72	-0.984709	0.000096
0.70	-0.981735	0.000100
0.68	-0.978280	0.000108
0.66	-0.974052	0.000115
0.64	-0.969022	0.000130
0.62	-0.962563	0.000149
0.60	-0.954748	0.000171
0.58	-0.944425	0.000176
0.56	-0.932779	0.000197
0.54	-0.917652	0.000228
0.52	-0.898107	0.000236
0.50	-0.872481	0.000297
0.48	-0.839167	0.000339
0.46	-0.790540	0.000426
0.44	-0.693084	0.000613
0.42	-0.612286	0.000453
0.40	-0.552535	0.000402
0.38	-0.503873	0.000357
0.36	-0.459987	0.000332
0.34	-0.421112	0.000346
0.32	-0.385082	0.000335
0.30	-0.352119	0.000328
0.28	-0.321969	0.000304
0.26	-0.292733	0.000287
0.24	-0.265225	0.000289
0.22	-0.239460	0.000274
0.20	-0.213659	0.000276
0.18	-0.190610	0.000259
0.16	-0.167243	0.000263
0.14	-0.144527	0.000246
0.12	-0.122950	0.000263
0.10	-0.101428	0.000255
0.08	-0.081155	0.000243
0.06	-0.060575	0.000237
0.04	-0.040685	0.000265
0.02	-0.020962	0.000243
-0.00	-0.021484	0.000000
