0.00	0.000000	0.000224
0.02	0.000109	0.000373
0.04	0.000220	0.000400
0.06	0.000020	0.000385
0.08	0.000302	0.000402
0.10	0.000067	0.000414
0.12	0.000089	0.000475
0.14	0.000009	0.000519
0.16	0.000296	0.000492
0.18	0.000655	0.000579
0.20	0.000433	0.000624
0.22	0.000488	0.000645
0.24	0.000103	0.000681
0.26	0.000393	0.000756
0.28	0.000701	0.000862
0.30	0.000197	0.000942
0.32	0.001220	0.001146
0.34	0.000695	0.001272
0.36	0.000507	0.001546
0.38	0.000803	0.001980
0.40	0.008827	0.003178
0.42	0.008239	0.004791
0.44	0.503777	0.009848
0.46	0.807631	0.001221
0.48	0.877410	0.000419
0.50	0.910683	0.000317
0.52	0.933007	0.000238
0.54	0.947892	0.000183
0.56	0.958992	0.000153
0.58	0.967322	0.000123
0.60	0.973702	0.000112
0.62	0.978540	0.000099
0.64	0.982546	0.000088
0.66	0.985584	0.000073
0.68	0.988098	0.000067
0.70	0.990155	0.000056
0.72	0.991828	0.000057
0.74	0.993246	0.000047
0.76	0.994255	0.000043
0.78	0.995275	0.000037
0.80	0.996007	0.000037
0.82	0.996646	0.000031
0.84	0.997208	0.000027
0.86	0.997606	0.000025
0.88	0.997978	0.000024
0.90	0.998340	0.000022
0.92	0.998599	0.000019
0.94	0.998807	0.000018
0.96	0.998967	0.000017
0.98	0.999154	0.000015
1.00	0.999293	0.000013
1.00	0.999281	0.000014
0.98	0.999140	0.000016
0.96	0.998999	0.000016
0.94	0.998781	0.000019
0.92	0.998608	0.000020
0.90	0.998308	0.000021
0.88	0.998003	0.000023
0.86	0.997663	0.000026
0.84	0.997187	0.000028
0.82	0.996660	0.000032
0.80	0.996067	0.000035
0.78	0.995212	0.000038
0.76	0.994373	0.000041
0.74	0.993177	0.000044
0.72	0.991754	0.000050
0.70	0.990153	0.000056
0.68	0.988063	0.000069
0.66	0.985537	0.000075
0.64	0.982397	0.000084
0.62	0.978449	0.000095
0.60	0.973818	0.000105
0.58	0.967454	0.000131
0.56	0.958943	0.000154
0.54	0.947949	0.000193
0.52	0.932773	0.000225
0.50	0.911687	0.000299
0.48	0.877437	0.000470
0.46	0.816194	0.000781
0.44	0.530913	0.005999
0.42	0.042976	0.004242
0.40	0.001349	0.002618
0.38	0.003250	0.001872
0.36	0.001004	0.001531
0.34	0.001280	0.001258
0.32	0.000720	0.001041
0.30	0.000653	0.001003
0.28	0.000477	0.000846
0.26	0.000902	0.000776
0.24	0.000234	0.000676
0.22	0.000163	0.000608
0.20	0.000424	0.000587
0.18	0.000142	0.000523
0.16	0.000088	0.000528
0.14	0.000271	0.000485
0.12	0.000136	0.000491
0.10	0.000884	0.000439
0.08	0.000098	0.000432
0.06	0.000280	0.000400
0.04	0.000037	0.000381
0.02	0.000212	0.000356
-0.00	0.000000	0.000421
