0.00	0.000000
0.02	-0.000109
0.04	0.000220
0.06	0.000020
0.08	0.000302
0.10	-0.000067
0.12	-0.000089
0.14	-0.000009
0.16	-0.000296
0.18	-0.000655
0.20	0.000433
0.22	0.000488
0.24	-0.000103
0.26	0.000393
0.28	0.000701
0.30	0.000197
0.32	-0.001220
0.34	0.000695
0.36	-0.000507
0.38	-0.000803
0.40	-0.008827
0.42	-0.008239
0.44	0.503777
0.46	0.807631
0.48	0.877410
0.50	0.910683
0.52	0.933007
0.54	0.947892
0.56	0.958992
0.58	0.967322
0.60	0.973702
0.62	0.978540
0.64	0.982546
0.66	0.985584
0.68	0.988098
0.70	0.990155
0.72	0.991828
0.74	0.993246
0.76	0.994255
0.78	0.995275
0.80	0.996007
0.82	0.996646
0.84	0.997208
0.86	0.997606
0.88	0.997978
0.90	0.998340
0.92	0.998599
0.94	0.998807
0.96	0.998967
0.98	0.999154
1.00	0.999293
1.00	0.999281
0.98	0.999140
0.96	0.998999
0.94	0.998781
0.92	0.998608
0.90	0.998308
0.88	0.998003
0.86	0.997663
0.84	0.997187
0.82	0.996660
0.80	0.996067
0.78	0.995212
0.76	0.994373
0.74	0.993177
0.72	0.991754
0.70	0.990153
0.68	0.988063
0.66	0.985537
0.64	0.982397
0.62	0.978449
0.60	0.973818
0.58	0.967454
0.56	0.958943
0.54	0.947949
0.52	0.932773
0.50	0.911687
0.48	0.877437
0.46	0.816194
0.44	0.530913
0.42	0.042976
0.40	-0.001349
0.38	0.003250
0.36	-0.001004
0.34	0.001280
0.32	0.000720
0.30	0.000653
0.28	0.000477
0.26	0.000902
0.24	-0.000234
0.22	0.000163
0.20	0.000424
0.18	-0.000142
0.16	-0.000088
0.14	0.000271
0.12	0.000136
0.10	0.000884
0.08	0.000098
0.06	0.000280
0.04	0.000037
0.02	0.000212
-0.00	0.000000
