0.00	0.000000
0.02	0.000254
0.04	0.000008
0.06	0.000017
0.08	0.000491
0.10	0.000412
0.12	0.000257
0.14	0.000091
0.16	0.000175
0.18	0.000401
0.20	0.000566
0.22	0.000344
0.24	0.000400
0.26	0.000068
0.28	0.001025
0.30	0.000346
0.32	0.000742
0.34	0.001208
0.36	0.002744
0.38	0.003544
0.40	0.008456
0.42	0.046010
0.44	0.320265
0.46	0.815030
0.48	0.877215
0.50	0.911266
0.52	0.932688
0.54	0.948130
0.56	0.959004
0.58	0.967414
0.60	0.973583
0.62	0.978573
0.64	0.982502
0.66	0.985557
0.68	0.988092
0.70	0.990162
0.72	0.991787
0.74	0.993239
0.76	0.994315
0.78	0.995253
0.80	0.996020
0.82	0.996628
0.84	0.997160
0.86	0.997614
0.88	0.998021
0.90	0.998347
0.92	0.998543
0.94	0.998811
0.96	0.999004
0.98	0.999141
1.00	0.999278
1.00	0.999292
0.98	0.999135
0.96	0.998994
0.94	0.998797
0.92	0.998596
0.90	0.998313
0.88	0.998003
0.86	0.997683
0.84	0.997219
0.82	0.996675
0.80	0.996030
0.78	0.995258
0.76	0.994285
0.74	0.993186
0.72	0.991753
0.70	0.990079
0.68	0.988083
0.66	0.985660
0.64	0.982578
0.62	0.978667
0.60	0.973717
0.58	0.966994
0.56	0.959101
0.54	0.948136
0.52	0.932811
0.50	0.910825
0.48	0.878078
0.46	0.814814
0.44	0.162300
0.42	0.042601
0.40	0.010017
0.38	0.002535
0.36	0.002308
0.34	0.000320
0.32	0.000271
0.30	0.000120
0.28	0.001243
0.26	0.000514
0.24	0.000606
0.22	0.000145
0.20	0.000126
0.18	0.000402
0.16	0.000340
0.14	0.000364
0.12	0.000344
0.10	0.000516
0.08	0.000187
0.06	0.000104
0.04	0.000017
0.02	0.000020
-0.00	0.000000
