0.00	0.000025
0.02	0.000062
0.04	0.000073
0.06	0.000074
0.08	0.000079
0.10	0.000093
0.12	0.000117
0.14	0.000122
0.16	0.000128
0.18	0.000141
0.20	0.000163
0.22	0.000187
0.24	0.000242
0.26	0.000264
0.28	0.000310
0.30	0.000469
0.32	0.000547
0.34	0.000795
0.36	0.001084
0.38	0.001913
0.40	0.003950
0.42	0.011116
0.44	0.186577
0.46	0.664665
0.48	0.769603
0.50	0.830452
0.52	0.869933
0.54	0.898968
0.56	0.919699
0.58	0.935899
0.60	0.947870
0.62	0.957611
0.64	0.965314
0.66	0.971324
0.68	0.976328
0.70	0.980422
0.72	0.983642
0.74	0.986525
0.76	0.988663
0.78	0.990529
0.80	0.992056
0.82	0.993268
0.84	0.994328
0.86	0.995234
0.88	0.996046
0.90	0.996697
0.92	0.997089
0.94	0.997623
0.96	0.998009
0.98	0.998284
1.00	0.998556
1.00	0.998584
0.98	0.998270
0.96	0.997988
0.94	0.997596
0.92	0.997194
0.90	0.996629
0.88	0.996010
0.86	0.995371
0.84	0.994447
0.82	0.993361
0.80	0.992076
0.78	0.990539
0.76	0.988603
0.74	0.986420
0.72	0.983576
0.70	0.980257
0.68	0.976310
0.66	0.971527
0.64	0.965463
0.62	0.957794
0.60	0.948132
0.58	0.935086
0.56	0.919885
0.54	0.898978
0.52	0.870161
0.50	0.829648
0.48	0.771111
0.46	0.664256
0.44	0.108932
0.42	0.013531
0.40	0.003792
0.38	0.002068
0.36	0.001113
0.34	0.000756
0.32	0.000557
0.30	0.000416
0.28	0.000367
0.26	0.000278
0.24	0.000238
0.22	0.000224
0.20	0.000182
0.18	0.000147
0.16	0.000130
0.14	0.000124
0.12	0.000107
0.10	0.000101
0.08	0.000089
0.06	0.000081
0.04	0.000072
0.02	0.000069
-0.00	0.000045
