0.00	0.410400
0.02	1.136201
0.04	1.310491
0.06	1.214118
0.08	1.321949
0.10	1.403586
0.12	1.841427
0.14	2.201590
0.16	1.981227
0.18	2.736320
0.20	3.187516
0.22	3.401438
0.24	3.787967
0.26	4.672911
0.28	6.077120
0.30	7.250667
0.32	10.742451
0.34	13.236790
0.36	19.550413
0.38	32.066881
0.40	82.584901
0.42	187.630937
0.44	792.939789
0.46	12.182316
0.48	1.438449
0.50	0.822324
0.52	0.464499
0.54	0.273574
0.56	0.192159
0.58	0.124106
0.60	0.102221
0.62	0.080610
0.64	0.062941
0.66	0.043783
0.68	0.036422
0.70	0.025721
0.72	0.026129
0.74	0.017886
0.76	0.015227
0.78	0.011409
0.80	0.011147
0.82	0.007716
0.84	0.005951
0.86	0.005280
0.88	0.004654
0.90	0.004136
0.92	0.003011
0.94	0.002523
0.96	0.002396
0.98	0.001785
1.00	0.001461
1.00	0.001613
0.98	0.002004
0.96	0.002143
0.94	0.002815
0.92	0.003188
0.90	0.003641
0.88	0.004265
0.86	0.005362
0.84	0.006191
0.82	0.008531
0.80	0.010064
0.78	0.011697
0.76	0.013868
0.74	0.016060
0.72	0.020847
0.70	0.025809
0.68	0.038469
0.66	0.045808
0.64	0.057287
0.62	0.074494
0.60	0.089973
0.58	0.140193
0.56	0.192959
0.54	0.303885
0.52	0.413741
0.50	0.730655
0.48	1.806906
0.46	4.992139
0.44	294.186051
0.42	147.133449
0.40	56.037287
0.38	28.640473
0.36	19.151020
0.34	12.937049
0.32	8.864362
0.30	8.218377
0.28	5.850833
0.26	4.920036
0.24	3.736211
0.22	3.026003
0.20	2.816619
0.18	2.236255
0.16	2.277279
0.14	1.920526
0.12	1.973035
0.10	1.574174
0.08	1.526992
0.06	1.310190
0.04	1.184540
0.02	1.036554
-0.00	1.447510
