0.679781 0.046179
0.681225 0.000000
0.682669 0.000000
0.684112 0.046179
0.685556 0.138536
0.687000 0.092357
0.688443 0.323251
0.689887 0.323251
0.691331 0.692680
0.692774 0.738858
0.694218 1.246824
0.695662 1.293002
0.697105 2.493647
0.698549 2.863076
0.699993 3.509577
0.701436 5.679974
0.702880 7.896549
0.704324 9.328087
0.705767 12.006449
0.707211 14.638632
0.708655 15.469848
0.710098 20.503321
0.711542 24.797935
0.712986 27.430118
0.714429 31.955626
0.715873 33.202449
0.717317 39.436567
0.718760 39.667461
0.720204 44.239147
0.721648 39.344210
0.723091 44.285326
0.724535 42.853787
0.725979 36.758206
0.727423 34.033665
0.728866 31.078232
0.730310 27.106868
0.731754 21.611608
0.733197 20.549499
0.734641 16.162528
0.736085 11.406127
0.737528 9.143373
0.738972 6.095582
0.740416 4.202257
0.741859 3.832828
0.743303 1.847146
0.744747 0.969752
0.746190 0.646501
0.747634 0.323251
0.749078 0.138536
0.750521 0.230893
