0.679781 0.033483
0.681275 0.033483
0.682768 0.000000
0.684261 0.066966
0.685755 0.133932
0.687248 0.133932
0.688741 0.435278
0.690235 0.267863
0.691728 0.904039
0.693221 0.703141
0.694714 1.138419
0.696208 1.674146
0.697701 2.946496
0.699194 3.314808
0.700688 4.453227
0.702181 6.863997
0.703674 7.835001
0.705168 10.881946
0.706661 13.426647
0.708154 16.038314
0.709647 18.750430
0.711141 23.404554
0.712634 27.154640
0.714127 31.875731
0.715621 33.081116
0.717114 38.605796
0.718607 39.141522
0.720101 43.460818
0.721594 40.146010
0.723087 43.125989
0.724580 40.949599
0.726074 37.065582
0.727567 34.721778
0.729060 30.402483
0.730554 25.714875
0.732047 23.002759
0.733540 18.917844
0.735034 14.129788
0.736527 10.915429
0.738020 8.203313
0.739513 5.290300
0.741007 4.386261
0.742500 2.678633
0.743993 1.339316
0.745487 0.937521
0.746980 0.435278
0.748473 0.234380
0.749966 0.167415
0.751460 0.066966
0.752953 0.066966
