100.000000 0.000000
134.800000 0.000000
169.600000 0.000000
204.400000 0.000000
239.200000 0.000000
274.000000 0.000000
308.800000 0.000000
343.600000 0.000000
378.400000 0.000000
413.200000 0.000000
448.000000 0.000000
482.800000 0.000000
517.600000 0.000000
552.400000 0.000000
587.200000 0.000000
622.000000 0.000000
656.800000 0.000000
691.600000 0.000000
726.400000 0.000000
761.200000 0.000000
796.000000 0.000000
830.800000 0.000000
865.600000 0.000000
900.400000 0.000000
935.200000 0.000000
970.000000 0.000000
1004.800000 0.000000
1039.600000 0.000000
1074.400000 0.000004
1109.200000 0.000009
1144.000000 0.000041
1178.800000 0.000123
1213.600000 0.000292
1248.400000 0.000526
1283.200000 0.001051
1318.000000 0.001720
1352.800000 0.002163
1387.600000 0.003132
1422.400000 0.003762
1457.200000 0.003562
1492.000000 0.003888
1526.800000 0.003345
1561.600000 0.002463
1596.400000 0.001392
1631.200000 0.000805
1666.000000 0.000325
1700.800000 0.000099
1735.600000 0.000030
1770.400000 0.000004
1805.200000 0.000001
