-0.931641 0.017049
-0.894687 0.251673
-0.857734 0.982606
-0.820781 1.719222
-0.783828 1.915960
-0.746875 1.794183
-0.709922 1.463761
-0.672969 1.149576
-0.636016 0.859746
-0.599062 0.664632
-0.562109 0.532572
-0.525156 0.398617
-0.488203 0.296866
-0.451250 0.272781
-0.414297 0.222176
-0.377344 0.192408
-0.340391 0.178336
-0.303437 0.153169
-0.266484 0.154251
-0.229531 0.138285
-0.192578 0.107976
-0.155625 0.097963
-0.118672 0.086326
-0.081719 0.081997
-0.044766 0.092280
-0.007812 0.083079
0.029141 0.090927
0.066094 0.081997
0.103047 0.081997
0.140000 0.080914
0.176953 0.092280
0.213906 0.103646
0.250859 0.123401
0.287813 0.135037
0.324766 0.152627
0.361719 0.184831
0.398672 0.210268
0.435625 0.248967
0.472578 0.351530
0.509531 0.439480
0.546484 0.577765
0.583438 0.724980
0.620391 0.992078
0.657344 1.282448
0.694297 1.549005
0.731250 1.820703
0.768203 1.874015
0.805156 1.341713
0.842109 0.538525
0.879063 0.074690
