-0.871704 0.401963
-0.869216 0.000000
-0.866729 0.267975
-0.864241 0.535950
-0.861753 0.937913
-0.859265 1.473863
-0.856777 2.277789
-0.854290 3.751652
-0.851802 5.627478
-0.849314 9.379130
-0.846826 11.388943
-0.844338 12.192869
-0.841851 15.542558
-0.839363 21.438011
-0.836875 19.830160
-0.834387 24.385738
-0.831899 24.653713
-0.829412 26.127576
-0.826924 24.653713
-0.824436 21.438011
-0.821948 23.179850
-0.819460 21.839974
-0.816973 17.552372
-0.814485 19.026235
-0.811997 16.346483
-0.809509 12.326856
-0.807021 13.800720
-0.804534 9.111155
-0.802046 8.307229
-0.799558 6.431403
-0.797070 6.833366
-0.794583 4.823553
-0.792095 3.483677
-0.789607 2.277789
-0.787119 2.679751
-0.784631 2.411776
-0.782144 1.741838
-0.779656 0.803925
-0.777168 0.535950
-0.774680 0.401963
-0.772192 0.535950
-0.769705 0.669938
-0.767217 0.133988
-0.764729 0.133988
-0.762241 0.133988
-0.759753 0.000000
-0.757266 0.000000
-0.754778 0.000000
-0.752290 0.000000
-0.749802 0.133988
