0.757690 0.233790
0.759116 0.000000
0.760542 0.000000
0.761968 0.701370
0.763394 0.000000
0.764819 0.467580
0.766245 1.402740
0.767671 0.935160
0.769097 1.870320
0.770522 2.104110
0.771948 1.870320
0.773374 6.078539
0.774800 4.675799
0.776226 9.351598
0.777651 10.754338
0.779077 12.390868
0.780503 16.599087
0.781929 20.105936
0.783354 23.145205
0.784780 26.652055
0.786206 31.561644
0.787632 30.158904
0.789058 35.769863
0.790483 41.848402
0.791909 34.367123
0.793335 50.031050
0.794761 40.913242
0.796187 43.484932
0.797612 38.575342
0.799038 39.042922
0.800464 31.094064
0.801890 25.483105
0.803315 23.378995
0.804741 22.677626
0.806167 17.300457
0.807593 16.365297
0.809019 10.754338
0.810444 8.182648
0.811870 7.715068
0.813296 2.805479
0.814722 2.805479
0.816147 3.273059
0.817573 2.337900
0.818999 0.701370
0.820425 0.467580
0.821851 0.000000
0.823276 0.467580
0.824702 0.000000
0.826128 0.000000
0.827554 0.467580
