0.414063 0.123671
0.416758 0.000000
0.419453 0.000000
0.422148 0.000000
0.424844 0.000000
0.427539 0.000000
0.430234 0.000000
0.432930 0.000000
0.435625 0.000000
0.438320 0.000000
0.441016 0.000000
0.443711 0.247343
0.446406 0.000000
0.449102 0.000000
0.451797 0.123671
0.454492 0.000000
0.457187 0.000000
0.459883 0.494686
0.462578 0.000000
0.465273 0.000000
0.467969 0.371014
0.470664 0.000000
0.473359 0.000000
0.476055 0.371014
0.478750 0.000000
0.481445 0.000000
0.484141 0.371014
0.486836 0.000000
0.489531 0.494686
0.492227 0.000000
0.494922 0.000000
0.497617 1.360386
0.500312 0.000000
0.503008 0.000000
0.505703 0.618357
0.508398 0.000000
0.511094 0.000000
0.513789 0.989372
0.516484 0.000000
0.519180 0.000000
0.521875 1.360386
0.524570 0.000000
0.527266 0.000000
0.529961 1.731401
0.532656 0.000000
0.535352 0.000000
0.538047 1.978744
0.540742 0.000000
0.543438 0.000000
0.546133 1.607729
0.548828 0.000000
0.551523 0.000000
0.554219 2.597101
0.556914 0.000000
0.559609 0.000000
0.562305 3.710145
0.565000 0.000000
0.567695 2.720773
0.570391 0.000000
0.573086 0.000000
0.575781 4.204831
0.578477 0.000000
0.581172 0.000000
0.583867 2.720773
0.586562 0.000000
0.589258 0.000000
0.591953 4.081159
0.594648 0.000000
0.597344 0.000000
0.600039 5.441546
0.602734 0.000000
0.605430 0.000000
0.608125 5.441546
0.610820 0.000000
0.613516 0.000000
0.616211 7.791304
0.618906 0.000000
0.621602 0.000000
0.624297 4.575845
0.626992 0.000000
0.629687 0.000000
0.632383 8.657005
0.635078 0.000000
0.637773 0.000000
0.640469 7.914976
0.643164 0.000000
0.645859 8.904348
0.648555 0.000000
0.651250 0.000000
0.653945 7.667633
0.656641 0.000000
0.659336 0.000000
0.662031 10.512077
0.664727 0.000000
0.667422 0.000000
0.670117 10.141063
0.672813 0.000000
0.675508 0.000000
0.678203 11.130435
0.680898 0.000000
0.683594 0.000000
0.686289 11.377778
0.688984 0.000000
0.691680 0.000000
0.694375 11.254106
0.697070 0.000000
0.699766 0.000000
0.702461 7.543961
0.705156 0.000000
0.707852 0.000000
0.710547 11.130435
0.713242 0.000000
0.715938 0.000000
0.718633 11.254106
0.721328 0.000000
0.724023 13.727536
0.726719 0.000000
0.729414 0.000000
0.732109 12.119807
0.734805 0.000000
0.737500 0.000000
0.740195 13.974879
0.742891 0.000000
0.745586 0.000000
0.748281 13.109179
0.750977 0.000000
0.753672 0.000000
0.756367 12.985507
0.759062 0.000000
0.761758 0.000000
0.764453 11.872464
0.767148 0.000000
0.769844 0.000000
0.772539 10.141063
0.775234 0.000000
0.777930 0.000000
0.780625 11.130435
0.783320 0.000000
0.786016 0.000000
0.788711 11.254106
0.791406 0.000000
0.794102 0.000000
0.796797 11.006763
0.799492 0.000000
0.802187 10.264734
0.804883 0.000000
0.807578 0.000000
0.810273 9.151691
0.812969 0.000000
0.815664 0.000000
0.818359 11.254106
0.821055 0.000000
0.823750 0.000000
0.826445 6.801932
0.829141 0.000000
0.831836 0.000000
0.834531 6.059903
0.837227 0.000000
0.839922 0.000000
0.842617 7.914976
0.845312 0.000000
0.848008 0.000000
0.850703 5.565217
0.853398 0.000000
0.856094 0.000000
0.858789 4.204831
0.861484 0.000000
0.864180 0.000000
0.866875 3.462802
0.869570 0.000000
0.872266 0.000000
0.874961 2.844444
0.877656 0.000000
0.880352 1.978744
0.883047 0.000000
0.885742 0.000000
0.888437 2.597101
0.891133 0.000000
0.893828 0.000000
0.896523 1.978744
0.899219 0.000000
0.901914 0.000000
0.904609 0.618357
0.907305 0.000000
0.910000 0.000000
0.912695 0.371014
0.915391 0.000000
0.918086 0.000000
0.920781 0.742029
0.923477 0.000000
0.926172 0.000000
0.928867 0.247343
0.931562 0.000000
0.934258 0.000000
0.936953 0.494686
0.939648 0.000000
0.942344 0.000000
0.945039 0.000000
0.947734 0.000000
0.950430 0.123671
