0.947846 0.195155
0.948017 0.000000
0.948188 0.000000
0.948359 0.000000
0.948529 0.000000
0.948700 0.000000
0.948871 0.000000
0.949042 0.000000
0.949213 0.195155
0.949383 0.195155
0.949554 0.195155
0.949725 0.195155
0.949896 0.390310
0.950067 0.585465
0.950238 0.585465
0.950408 1.756394
0.950579 1.756394
0.950750 1.561239
0.950921 1.756394
0.951092 4.293407
0.951262 4.098252
0.951433 5.659491
0.951604 4.293407
0.951775 12.294755
0.951946 17.173627
0.952116 18.539710
0.952287 24.394356
0.952458 29.078072
0.952629 43.324376
0.952800 63.815635
0.952970 91.527623
0.953141 153.586865
0.953312 209.986615
0.953483 292.537116
0.953654 410.410643
0.953824 513.842712
0.953995 602.638167
0.954166 634.253253
0.954337 628.788917
0.954508 556.191314
0.954678 493.741763
0.954849 383.869584
0.955020 269.313689
0.955191 185.982569
0.955362 94.064636
0.955532 52.301499
0.955703 28.297453
0.955874 11.123826
0.956045 4.878871
0.956216 0.975774
