-0.974924 12.660633
-0.935929 0.000000
-0.896934 0.000000
-0.857939 0.000000
-0.818944 0.000000
-0.779949 0.000000
-0.740955 0.000000
-0.701960 0.000000
-0.662965 0.000000
-0.623970 0.000000
-0.584975 0.000000
-0.545980 0.000000
-0.506985 0.000000
-0.467990 0.000000
-0.428995 0.000000
-0.390001 0.000000
-0.351006 0.000000
-0.312011 0.000000
-0.273016 0.000000
-0.234021 0.000000
-0.195026 0.000000
-0.156031 0.000000
-0.117036 0.000000
-0.078041 0.000000
-0.039047 0.000000
-0.000052 0.000000
0.038943 0.000000
0.077938 0.000000
0.116933 0.000000
0.155928 0.000000
0.194923 0.000000
0.233918 0.000000
0.272913 0.000000
0.311907 0.000000
0.350902 0.000000
0.389897 0.000000
0.428892 0.000000
0.467887 0.000000
0.506882 0.000000
0.545877 0.000000
0.584872 0.000000
0.623867 0.000000
0.662862 0.000000
0.701856 0.000000
0.740851 0.000000
0.779846 0.000000
0.818841 0.000000
0.857836 0.000000
0.896831 0.000000
0.935826 12.983752
