0.449219 0.001326
0.456758 0.002653
0.464297 0.002653
0.471836 0.017244
0.479375 0.022549
0.486914 0.055710
0.494453 0.114074
0.501992 0.165805
0.509531 0.346200
0.517070 0.600876
0.524609 0.956362
0.532148 1.468367
0.539687 2.124954
0.547227 2.931428
0.554766 2.816028
0.562305 4.744669
0.569844 6.004785
0.577383 7.133584
0.584922 7.908224
0.592461 8.944172
0.600000 9.320881
0.607539 7.046039
0.615078 9.470768
0.622617 8.873871
0.630156 8.383089
0.637695 7.615081
0.645234 6.625558
0.652773 5.919893
0.660312 3.879832
0.667852 4.407754
0.675391 3.444760
0.682930 2.757665
0.690469 2.241680
0.698008 1.652742
0.705547 1.321132
0.713086 0.810454
0.720625 0.789231
0.728164 0.583633
0.735703 0.397931
0.743242 0.306407
0.750781 0.165805
0.758320 0.107441
0.765859 0.046425
0.773398 0.042446
0.780938 0.034487
0.788477 0.018570
0.796016 0.006632
0.803555 0.005306
0.811094 0.003979
0.818633 0.001326
