-0.875000 0.004830
-0.839805 0.020173
-0.804609 0.078704
-0.769414 0.172468
-0.734219 0.303737
-0.699023 0.421367
-0.663828 0.532463
-0.628633 0.625374
-0.593438 0.676233
-0.558242 0.711181
-0.523047 0.752665
-0.487852 0.784771
-0.452656 0.796137
-0.417461 0.790738
-0.382266 0.765735
-0.347070 0.769144
-0.311875 0.770849
-0.276680 0.734480
-0.241484 0.757211
-0.206289 0.707204
-0.171094 0.706635
-0.135898 0.682200
-0.100703 0.677370
-0.065508 0.695270
-0.030312 0.688167
0.004883 0.659469
0.040078 0.664868
0.075273 0.646683
0.110469 0.686178
0.145664 0.713170
0.180859 0.656344
0.216055 0.700953
0.251250 0.719705
0.286445 0.723967
0.321641 0.747834
0.356836 0.731639
0.392031 0.752096
0.427227 0.739026
0.462422 0.722262
0.497617 0.706635
0.532812 0.678790
0.568008 0.646683
0.603203 0.554057
0.638398 0.487854
0.673594 0.379032
0.708789 0.252025
0.743984 0.145475
0.779180 0.059099
0.814375 0.012786
0.849570 0.001137
