0.00	0.000000
0.02	1.043472
0.04	1.091800
0.06	1.063000
0.08	1.052480
0.10	1.064139
0.12	1.073297
0.14	1.066831
0.16	1.217333
0.18	1.151570
0.20	1.225530
0.22	1.178249
0.24	1.310009
0.26	1.322725
0.28	1.380242
0.30	1.644065
0.32	1.692296
0.34	1.879126
0.36	2.209257
0.38	2.359970
0.40	3.527780
0.42	4.268326
0.44	3.701484
0.46	3.015147
0.48	1.827195
0.50	1.292589
0.52	1.061586
0.54	0.837159
0.56	0.718701
0.58	0.505231
0.60	0.399905
0.62	0.394215
0.64	0.286930
0.66	0.235084
0.68	0.196917
0.70	0.163905
0.72	0.141061
0.74	0.107909
0.76	0.102722
0.78	0.078616
0.80	0.065142
0.82	0.054701
0.84	0.044645
0.86	0.040974
0.88	0.032124
0.90	0.023802
0.92	0.020646
0.94	0.015328
0.96	0.017520
0.98	0.016239
1.00	0.010865
1.00	0.011197
0.98	0.012093
0.96	0.017563
0.94	0.017486
0.92	0.024597
0.90	0.023995
0.88	0.029921
0.86	0.036730
0.84	0.045522
0.82	0.057455
0.80	0.070380
0.78	0.073638
0.76	0.095646
0.74	0.116403
0.72	0.138937
0.70	0.160002
0.68	0.209719
0.66	0.226372
0.64	0.276571
0.62	0.326787
0.60	0.445626
0.58	0.513345
0.56	0.659842
0.54	0.839164
0.52	1.157605
0.50	1.478154
0.48	1.944124
0.46	3.177877
0.44	3.980984
0.42	4.187706
0.40	3.254947
0.38	2.534828
0.36	1.975443
0.34	1.869582
0.32	1.657194
0.30	1.662619
0.28	1.385048
0.26	1.352750
0.24	1.387837
0.22	1.295565
0.20	1.119872
0.18	1.171321
0.16	1.283939
0.14	1.067484
0.12	1.060206
0.10	1.063761
0.08	1.069495
0.06	0.988974
0.04	1.045374
0.02	1.040986
-0.00	0.000000
