0.00	-0.015625
0.02	-0.025203
0.04	-0.033953
0.06	-0.059875
0.08	-0.082437
0.10	-0.101609
0.12	-0.122953
0.14	-0.145734
0.16	-0.164047
0.18	-0.192953
0.20	-0.217031
0.22	-0.239063
0.24	-0.266984
0.26	-0.294594
0.28	-0.321844
0.30	-0.354938
0.32	-0.383156
0.34	-0.420531
0.36	-0.462703
0.38	-0.506328
0.40	-0.565641
0.42	-0.641266
0.44	-0.720109
0.46	-0.796031
0.48	-0.843422
0.50	-0.870844
0.52	-0.896031
0.54	-0.918578
0.56	-0.930719
0.58	-0.945578
0.60	-0.956688
0.62	-0.964641
0.64	-0.968031
0.66	-0.974969
0.68	-0.977891
0.70	-0.981313
0.72	-0.982984
0.74	-0.986938
0.76	-0.989359
0.78	-0.991266
0.80	-0.991594
0.82	-0.993812
0.84	-0.994625
0.86	-0.995375
0.88	-0.996844
0.90	-0.997172
0.92	-0.997250
0.94	-0.997594
0.96	-0.998313
0.98	-0.998078
1.00	-0.998563
1.00	-0.998547
0.98	-0.998016
0.96	-0.997516
0.94	-0.997656
0.92	-0.997578
0.90	-0.996328
0.88	-0.996391
0.86	-0.995125
0.84	-0.994641
0.82	-0.993719
0.80	-0.993125
0.78	-0.991938
0.76	-0.988875
0.74	-0.987141
0.72	-0.985062
0.70	-0.981781
0.68	-0.978375
0.66	-0.974828
0.64	-0.967391
0.62	-0.962828
0.60	-0.957266
0.58	-0.947969
0.56	-0.932063
0.54	-0.917141
0.52	-0.899203
0.50	-0.871281
0.48	-0.839516
0.46	-0.799797
0.44	-0.720016
0.42	-0.647094
0.40	-0.560359
0.38	-0.507797
0.36	-0.460797
0.34	-0.420781
0.32	-0.388906
0.30	-0.352516
0.28	-0.320688
0.26	-0.292547
0.24	-0.266719
0.22	-0.236203
0.20	-0.211234
0.18	-0.193375
0.16	-0.165047
0.14	-0.146250
0.12	-0.124234
0.10	-0.103688
0.08	-0.084062
0.06	-0.063641
0.04	-0.033766
0.02	-0.013703
-0.00	0.031250
