0.00	0.000244
0.02	0.002410
0.04	0.003566
0.06	0.005790
0.08	0.008904
0.10	0.012522
0.12	0.017018
0.14	0.022676
0.16	0.030100
0.18	0.037664
0.20	0.047344
0.22	0.059094
0.24	0.072139
0.26	0.087515
0.28	0.106264
0.30	0.126160
0.32	0.154134
0.34	0.183446
0.36	0.216476
0.38	0.257147
0.40	0.323253
0.42	0.422881
0.44	0.532288
0.46	0.627387
0.48	0.702909
0.50	0.767685
0.52	0.813888
0.54	0.844732
0.56	0.870581
0.58	0.892433
0.60	0.912881
0.62	0.926079
0.64	0.939900
0.66	0.948633
0.68	0.957694
0.70	0.966563
0.72	0.969393
0.74	0.974904
0.76	0.977364
0.78	0.981894
0.80	0.984889
0.82	0.987071
0.84	0.988698
0.86	0.990820
0.88	0.992188
0.90	0.993978
0.92	0.994517
0.94	0.996159
0.96	0.995836
0.98	0.996426
1.00	0.997258
1.00	0.997243
0.98	0.996823
0.96	0.995789
0.94	0.995804
0.92	0.994275
0.90	0.994103
0.88	0.992619
0.86	0.990828
0.84	0.988839
0.82	0.988102
0.80	0.983613
0.78	0.982055
0.76	0.979142
0.74	0.974581
0.72	0.970727
0.70	0.964284
0.68	0.955824
0.66	0.950915
0.64	0.939425
0.62	0.928594
0.60	0.912105
0.58	0.892021
0.56	0.873922
0.54	0.846372
0.52	0.806113
0.50	0.758170
0.48	0.711696
0.46	0.620704
0.44	0.528315
0.42	0.416570
0.40	0.325326
0.38	0.264828
0.36	0.214654
0.34	0.178728
0.32	0.152190
0.30	0.129683
0.28	0.104770
0.26	0.088473
0.24	0.073330
0.22	0.058870
0.20	0.048375
0.18	0.038661
0.16	0.031074
0.14	0.022861
0.12	0.016985
0.10	0.012189
0.08	0.008835
0.06	0.005391
0.04	0.003858
0.02	0.002460
-0.00	0.006104
