0.00	-0.015625	0.000000
0.02	-0.019297	0.001428
0.04	-0.037867	0.001461
0.06	-0.060937	0.001442
0.08	-0.082758	0.001434
0.10	-0.102195	0.001442
0.12	-0.122156	0.001449
0.14	-0.143500	0.001444
0.16	-0.166500	0.001543
0.18	-0.188188	0.001500
0.20	-0.212016	0.001548
0.22	-0.238313	0.001518
0.24	-0.263781	0.001600
0.26	-0.291430	0.001608
0.28	-0.321820	0.001643
0.30	-0.350641	0.001793
0.32	-0.388367	0.001819
0.34	-0.424000	0.001917
0.36	-0.460609	0.002078
0.38	-0.502531	0.002148
0.40	-0.562461	0.002626
0.42	-0.643852	0.002889
0.44	-0.724609	0.002690
0.46	-0.788352	0.002428
0.48	-0.836266	0.001890
0.50	-0.874734	0.001590
0.52	-0.901008	0.001441
0.54	-0.918203	0.001279
0.56	-0.932297	0.001185
0.58	-0.944164	0.000994
0.60	-0.955039	0.000884
0.62	-0.961930	0.000878
0.64	-0.969195	0.000749
0.66	-0.973742	0.000678
0.68	-0.978422	0.000620
0.70	-0.982977	0.000566
0.72	-0.984437	0.000525
0.74	-0.987266	0.000459
0.76	-0.988516	0.000448
0.78	-0.990828	0.000392
0.80	-0.992352	0.000357
0.82	-0.993461	0.000327
0.84	-0.994289	0.000295
0.86	-0.995359	0.000283
0.88	-0.996055	0.000251
0.90	-0.996961	0.000216
0.92	-0.997234	0.000201
0.94	-0.998062	0.000173
0.96	-0.997898	0.000185
0.98	-0.998195	0.000178
1.00	-0.998617	0.000146
1.00	-0.998609	0.000148
0.98	-0.998398	0.000154
0.96	-0.997875	0.000185
0.94	-0.997883	0.000185
0.92	-0.997109	0.000219
0.90	-0.997023	0.000217
0.88	-0.996273	0.000242
0.86	-0.995367	0.000268
0.84	-0.994359	0.000298
0.82	-0.993977	0.000335
0.80	-0.991703	0.000371
0.78	-0.990914	0.000379
0.76	-0.989422	0.000432
0.74	-0.987094	0.000477
0.72	-0.985117	0.000521
0.70	-0.981820	0.000559
0.68	-0.977453	0.000640
0.66	-0.974922	0.000665
0.64	-0.968961	0.000735
0.62	-0.963305	0.000799
0.60	-0.954586	0.000933
0.58	-0.943937	0.001002
0.56	-0.934148	0.001136
0.54	-0.919094	0.001281
0.52	-0.896578	0.001504
0.50	-0.869070	0.001700
0.48	-0.841367	0.001950
0.46	-0.783898	0.002493
0.44	-0.721484	0.002790
0.42	-0.639055	0.002861
0.40	-0.564773	0.002523
0.38	-0.509781	0.002226
0.36	-0.459125	0.001965
0.34	-0.418422	0.001912
0.32	-0.385945	0.001800
0.30	-0.355578	0.001803
0.28	-0.319477	0.001646
0.26	-0.292969	0.001626
0.24	-0.265742	0.001647
0.22	-0.237359	0.001592
0.20	-0.214914	0.001480
0.18	-0.190719	0.001513
0.16	-0.169016	0.001584
0.14	-0.144141	0.001445
0.12	-0.122125	0.001440
0.10	-0.100555	0.001442
0.08	-0.082133	0.001446
0.06	-0.058820	0.001391
0.04	-0.042617	0.001430
0.02	-0.020648	0.001427
-0.00	-0.078125	0.000000
