0.00	0.093750	0.000000
0.02	0.002836	0.002144
0.04	0.002336	0.002156
0.06	0.000680	0.002255
0.08	0.002594	0.002331
0.10	0.001977	0.002465
0.12	0.003289	0.002570
0.14	0.001891	0.002688
0.16	0.003352	0.002998
0.18	0.000047	0.003072
0.20	0.000078	0.003348
0.22	0.000570	0.003603
0.24	0.004953	0.004087
0.26	0.001758	0.004070
0.28	0.006086	0.004705
0.30	0.005977	0.005480
0.32	0.012016	0.006174
0.34	0.006414	0.007365
0.36	0.004258	0.008710
0.38	0.019227	0.010418
0.40	0.010453	0.014098
0.42	0.073109	0.018971
0.44	0.017063	0.023190
0.46	0.270383	0.024556
0.48	0.875172	0.002450
0.50	0.913602	0.001533
0.52	0.934672	0.001309
0.54	0.948281	0.001051
0.56	0.958586	0.000899
0.58	0.966672	0.000710
0.60	0.973828	0.000595
0.62	0.978148	0.000582
0.64	0.982867	0.000465
0.66	0.985367	0.000408
0.68	0.988047	0.000374
0.70	0.990742	0.000332
0.72	0.991617	0.000296
0.74	0.993273	0.000257
0.76	0.993906	0.000249
0.78	0.995133	0.000218
0.80	0.995984	0.000195
0.82	0.996594	0.000175
0.84	0.997023	0.000158
0.86	0.997609	0.000150
0.88	0.997945	0.000134
0.90	0.998453	0.000111
0.92	0.998594	0.000104
0.94	0.999000	0.000091
0.96	0.998906	0.000100
0.98	0.999078	0.000092
1.00	0.999297	0.000075
1.00	0.999297	0.000076
0.98	0.999195	0.000078
0.96	0.998906	0.000097
0.94	0.998922	0.000095
0.92	0.998484	0.000119
0.90	0.998477	0.000112
0.88	0.998062	0.000130
0.86	0.997578	0.000145
0.84	0.997086	0.000159
0.82	0.996797	0.000186
0.80	0.995680	0.000199
0.78	0.995211	0.000213
0.76	0.994359	0.000248
0.74	0.993086	0.000269
0.72	0.991914	0.000304
0.70	0.990187	0.000322
0.68	0.987664	0.000375
0.66	0.986062	0.000404
0.64	0.982617	0.000453
0.62	0.979016	0.000524
0.60	0.973898	0.000602
0.58	0.966688	0.000728
0.56	0.960125	0.000839
0.54	0.949570	0.001017
0.52	0.931578	0.001325
0.50	0.910539	0.001649
0.48	0.881797	0.002288
0.46	0.086961	0.025611
0.44	0.052070	0.023155
0.42	0.030344	0.018781
0.40	0.049516	0.014064
0.38	0.004094	0.010870
0.36	0.002992	0.008491
0.34	0.001352	0.006803
0.32	0.000570	0.005968
0.30	0.001609	0.005447
0.28	0.004437	0.004592
0.26	0.004609	0.004228
0.24	0.004578	0.003986
0.22	0.004219	0.003658
0.20	0.005453	0.003292
0.18	0.007687	0.003195
0.16	0.001906	0.002873
0.14	0.000203	0.002765
0.12	0.001063	0.002578
0.10	0.000617	0.002513
0.08	0.000859	0.002396
0.06	0.002430	0.002230
0.04	0.003789	0.002149
0.02	0.001891	0.002002
-0.00	0.046875	0.000000
