0.00	0.008789
0.02	0.004345
0.04	0.004688
0.06	0.005302
0.08	0.006235
0.10	0.005893
0.12	0.006732
0.14	0.008242
0.16	0.008036
0.18	0.008830
0.20	0.011625
0.22	0.012409
0.24	0.014322
0.26	0.018205
0.28	0.021329
0.30	0.028636
0.32	0.033038
0.34	0.045884
0.36	0.076961
0.38	0.111516
0.40	0.208159
0.42	0.353042
0.44	0.529205
0.46	0.691921
0.48	0.785957
0.50	0.829480
0.52	0.870397
0.54	0.900805
0.56	0.917428
0.58	0.936593
0.60	0.950319
0.62	0.960256
0.64	0.964527
0.66	0.972656
0.68	0.976065
0.70	0.980202
0.72	0.981455
0.74	0.986212
0.76	0.988536
0.78	0.990694
0.80	0.991247
0.82	0.993572
0.84	0.994470
0.86	0.995218
0.88	0.996768
0.90	0.997019
0.92	0.997202
0.94	0.997512
0.96	0.998258
0.98	0.998071
1.00	0.998507
1.00	0.998507
0.98	0.997858
0.96	0.997389
0.94	0.997636
0.92	0.997543
0.90	0.996299
0.88	0.996299
0.86	0.995062
0.84	0.994439
0.82	0.993478
0.80	0.992979
0.78	0.991560
0.76	0.988522
0.74	0.986401
0.72	0.983966
0.70	0.980340
0.68	0.976860
0.66	0.972594
0.64	0.964631
0.62	0.958459
0.60	0.951568
0.58	0.940661
0.56	0.920588
0.54	0.897463
0.52	0.875106
0.50	0.828820
0.48	0.774037
0.46	0.707787
0.44	0.534798
0.42	0.376353
0.40	0.186343
0.38	0.114099
0.36	0.068629
0.34	0.054441
0.32	0.037579
0.30	0.028267
0.28	0.022231
0.26	0.019330
0.24	0.015483
0.22	0.014356
0.20	0.011025
0.18	0.009284
0.16	0.008188
0.14	0.007543
0.12	0.006480
0.10	0.006392
0.08	0.005984
0.06	0.004618
0.04	0.005255
0.02	0.004597
-0.00	0.000061
