0.00	0.093750
0.02	0.002383
0.04	0.001594
0.06	0.000961
0.08	0.001016
0.10	0.001359
0.12	0.000977
0.14	0.005633
0.16	0.000797
0.18	0.001203
0.20	0.002680
0.22	0.001250
0.24	0.002781
0.26	0.004055
0.28	0.003492
0.30	0.001789
0.32	0.001961
0.34	0.005375
0.36	0.000922
0.38	0.017297
0.40	0.019312
0.42	0.086281
0.44	0.000070
0.46	0.224281
0.48	0.875164
0.50	0.909742
0.52	0.932414
0.54	0.948984
0.56	0.956992
0.58	0.966914
0.60	0.974672
0.62	0.977609
0.64	0.982156
0.66	0.985953
0.68	0.988195
0.70	0.989930
0.72	0.991984
0.74	0.993383
0.76	0.994234
0.78	0.995117
0.80	0.995875
0.82	0.996398
0.84	0.997344
0.86	0.997617
0.88	0.998039
0.90	0.998234
0.92	0.998445
0.94	0.998953
0.96	0.998953
0.98	0.999102
1.00	0.999266
1.00	0.999234
0.98	0.999070
0.96	0.999016
0.94	0.998891
0.92	0.998687
0.90	0.998383
0.88	0.997922
0.86	0.997391
0.84	0.997156
0.82	0.996672
0.80	0.996336
0.78	0.995250
0.76	0.993938
0.74	0.993180
0.72	0.991906
0.70	0.989812
0.68	0.988563
0.66	0.984766
0.64	0.982516
0.62	0.979125
0.60	0.972906
0.58	0.967125
0.56	0.960383
0.54	0.949406
0.52	0.932734
0.50	0.906617
0.48	0.879914
0.46	0.145320
0.44	0.035117
0.42	0.009656
0.40	0.019742
0.38	0.004789
0.36	0.000344
0.34	0.003094
0.32	0.003492
0.30	0.003461
0.28	0.002203
0.26	0.006883
0.24	0.000070
0.22	0.002766
0.20	0.006336
0.18	0.004320
0.16	0.002852
0.14	0.001820
0.12	0.003922
0.10	0.001047
0.08	0.001625
0.06	0.000812
0.04	0.000219
0.02	0.006242
-0.00	0.054688
