0.00	0.093750
0.02	0.002836
0.04	-0.002336
0.06	-0.000680
0.08	0.002594
0.10	0.001977
0.12	-0.003289
0.14	0.001891
0.16	-0.003352
0.18	-0.000047
0.20	-0.000078
0.22	0.000570
0.24	0.004953
0.26	-0.001758
0.28	-0.006086
0.30	-0.005977
0.32	-0.012016
0.34	-0.006414
0.36	0.004258
0.38	0.019227
0.40	-0.010453
0.42	0.073109
0.44	0.017063
0.46	0.270383
0.48	-0.875172
0.50	-0.913602
0.52	-0.934672
0.54	-0.948281
0.56	-0.958586
0.58	-0.966672
0.60	-0.973828
0.62	-0.978148
0.64	-0.982867
0.66	-0.985367
0.68	-0.988047
0.70	-0.990742
0.72	-0.991617
0.74	-0.993273
0.76	-0.993906
0.78	-0.995133
0.80	-0.995984
0.82	-0.996594
0.84	-0.997023
0.86	-0.997609
0.88	-0.997945
0.90	-0.998453
0.92	-0.998594
0.94	-0.999000
0.96	-0.998906
0.98	-0.999078
1.00	-0.999297
1.00	-0.999297
0.98	-0.999195
0.96	-0.998906
0.94	-0.998922
0.92	-0.998484
0.90	-0.998477
0.88	-0.998062
0.86	-0.997578
0.84	-0.997086
0.82	-0.996797
0.80	-0.995680
0.78	-0.995211
0.76	-0.994359
0.74	-0.993086
0.72	-0.991914
0.70	-0.990187
0.68	-0.987664
0.66	-0.986062
0.64	-0.982617
0.62	-0.979016
0.60	-0.973898
0.58	-0.966688
0.56	-0.960125
0.54	-0.949570
0.52	-0.931578
0.50	-0.910539
0.48	-0.881797
0.46	0.086961
0.44	-0.052070
0.42	0.030344
0.40	0.049516
0.38	-0.004094
0.36	-0.002992
0.34	0.001352
0.32	-0.000570
0.30	0.001609
0.28	-0.004437
0.26	-0.004609
0.24	0.004578
0.22	0.004219
0.20	0.005453
0.18	-0.007687
0.16	-0.001906
0.14	0.000203
0.12	-0.001063
0.10	0.000617
0.08	-0.000859
0.06	-0.002430
0.04	-0.003789
0.02	-0.001891
-0.00	-0.046875
