0.00	0.000000
0.02	1.175300
0.04	1.189306
0.06	1.300554
0.08	1.389028
0.10	1.554172
0.12	1.689590
0.14	1.848397
0.16	2.298702
0.18	2.413937
0.20	2.866623
0.22	3.319214
0.24	4.271219
0.26	4.237068
0.28	5.661721
0.30	7.679840
0.32	9.749321
0.34	13.872359
0.36	19.400156
0.38	27.754507
0.40	50.832715
0.42	92.042529
0.44	137.534596
0.46	154.206877
0.48	1.534930
0.50	0.600836
0.52	0.437921
0.54	0.282681
0.56	0.206787
0.58	0.128988
0.60	0.090398
0.62	0.086747
0.64	0.055246
0.66	0.042514
0.68	0.035736
0.70	0.028262
0.72	0.022401
0.74	0.016839
0.76	0.015869
0.78	0.012201
0.80	0.009684
0.82	0.007842
0.84	0.006372
0.86	0.005724
0.88	0.004560
0.90	0.003169
0.92	0.002744
0.94	0.002119
0.96	0.002538
0.98	0.002157
1.00	0.001436
1.00	0.001467
0.98	0.001537
0.96	0.002413
0.94	0.002327
0.92	0.003631
0.90	0.003234
0.88	0.004352
0.86	0.005373
0.84	0.006435
0.82	0.008811
0.80	0.010175
0.78	0.011644
0.76	0.015667
0.74	0.018496
0.72	0.023653
0.70	0.026507
0.68	0.035934
0.66	0.041771
0.64	0.052568
0.62	0.070116
0.60	0.092824
0.58	0.135505
0.56	0.180081
0.54	0.264468
0.52	0.448991
0.50	0.695369
0.48	1.338642
0.46	167.754810
0.44	137.117075
0.42	90.205383
0.40	50.583965
0.38	30.217178
0.36	18.439505
0.34	11.836048
0.32	9.108339
0.30	7.587587
0.28	5.392209
0.26	4.571811
0.24	4.063509
0.22	3.422256
0.20	2.772231
0.18	2.610777
0.16	2.111163
0.14	1.955364
0.12	1.700180
0.10	1.614887
0.08	1.468405
0.06	1.271379
0.04	1.180590
0.02	1.024929
-0.00	0.000000
