-0.984375 0.137576
-0.944688 0.752385
-0.905000 1.504519
-0.865313 1.750695
-0.825625 1.675355
-0.785937 1.359132
-0.746250 1.098090
-0.706562 0.853426
-0.666875 0.659156
-0.627188 0.525864
-0.587500 0.392067
-0.547813 0.324035
-0.508125 0.304633
-0.468437 0.215687
-0.428750 0.173104
-0.389062 0.152442
-0.349375 0.130017
-0.309688 0.121702
-0.270000 0.093985
-0.230313 0.096253
-0.190625 0.092725
-0.150937 0.079623
-0.111250 0.082395
-0.071562 0.079875
-0.031875 0.070552
0.007813 0.087434
0.047500 0.083402
0.087187 0.080127
0.126875 0.083654
0.166562 0.090206
0.206250 0.096001
0.245937 0.103560
0.285625 0.117418
0.325313 0.150175
0.365000 0.159246
0.404688 0.184443
0.444375 0.227026
0.484063 0.334366
0.523750 0.360067
0.563438 0.434650
0.603125 0.571218
0.642813 0.690149
0.682500 0.921206
0.722187 1.158815
0.761875 1.453117
0.801562 1.711891
0.841250 1.685434
0.880937 1.204421
0.920625 0.440949
0.960313 0.042583
