0.382813 0.003241
0.395156 0.006481
0.407500 0.003241
0.419844 0.012962
0.432188 0.015393
0.444531 0.040507
0.456875 0.076153
0.469219 0.054279
0.481563 0.171749
0.493906 0.106128
0.506250 0.378333
0.518594 0.243040
0.530938 0.666741
0.543281 0.950288
0.555625 0.566284
0.567969 1.457432
0.580313 0.874135
0.592656 1.986450
0.605000 2.491164
0.617344 1.370748
0.629687 3.148994
0.642031 1.724777
0.654375 3.966419
0.666719 2.157389
0.679063 4.525412
0.691406 4.916707
0.703750 2.708280
0.716094 5.482181
0.728438 2.792534
0.740781 5.567246
0.753125 2.790914
0.765469 5.401168
0.777813 5.208356
0.790156 2.397999
0.802500 4.244296
0.814844 1.978349
0.827187 3.235678
0.839531 2.595672
0.851875 0.991605
0.864219 1.554648
0.876563 0.554132
0.888906 0.792312
0.901250 0.264104
0.913594 0.320813
0.925938 0.141774
0.938281 0.029975
0.950625 0.034026
0.962969 0.008101
0.975313 0.003241
0.987656 0.000810
