0.581055 0.218453
0.582581 0.000000
0.584106 0.000000
0.585632 0.436907
0.587158 0.000000
0.588684 0.436907
0.590210 0.655360
0.591736 1.092267
0.593262 0.655360
0.594788 1.310720
0.596313 1.747627
0.597839 3.276800
0.599365 5.679787
0.600891 4.805973
0.602417 6.990507
0.603943 9.175040
0.605469 13.107200
0.606995 14.854827
0.608521 18.786987
0.610046 22.500693
0.611572 25.995947
0.613098 29.928107
0.614624 36.263253
0.616150 29.709653
0.617676 37.355520
0.619202 34.078720
0.620728 36.918613
0.622253 37.137067
0.623779 38.447787
0.625305 35.389440
0.626831 33.641813
0.628357 30.801920
0.629883 26.869760
0.631409 26.651307
0.632935 20.097707
0.634460 12.451840
0.635986 15.510187
0.637512 11.578027
0.639038 9.393493
0.640564 4.587520
0.642090 3.495253
0.643616 3.932160
0.645142 1.966080
0.646667 1.310720
0.648193 1.092267
0.649719 2.402987
0.651245 0.873813
0.652771 0.655360
0.654297 0.218453
0.655823 0.873813
