-0.489624 0.035230
-0.470701 0.000000
-0.451777 0.035230
-0.432854 0.017615
-0.413931 0.070460
-0.395007 0.052845
-0.376084 0.070460
-0.357161 0.123305
-0.338237 0.193764
-0.319314 0.193764
-0.300391 0.440373
-0.281467 0.563678
-0.262544 0.493218
-0.243621 0.563678
-0.224697 0.845517
-0.205774 1.215430
-0.186851 1.567729
-0.167927 1.726263
-0.149004 1.585344
-0.130081 2.060947
-0.111157 2.219481
-0.092234 2.413246
-0.073311 2.783159
-0.054387 2.818389
-0.035464 2.501320
-0.016541 2.659855
0.002383 2.924079
0.021306 2.184251
0.040229 2.607010
0.059153 2.342786
0.078076 2.413246
0.097000 2.113792
0.115923 1.585344
0.134846 1.602959
0.153770 1.532499
0.172693 1.532499
0.191616 1.268275
0.210540 0.704597
0.229463 0.546063
0.248386 0.510833
0.267310 0.563678
0.286233 0.422758
0.305156 0.211379
0.324080 0.176149
0.343003 0.176149
0.361926 0.070460
0.380850 0.035230
0.399773 0.052845
0.418696 0.000000
0.437620 0.017615
