0.328125 0.002667
0.340625 0.000000
0.353125 0.010667
0.365625 0.010667
0.378125 0.016000
0.390625 0.058667
0.403125 0.133333
0.415625 0.080000
0.428125 0.282667
0.440625 0.242667
0.453125 0.610667
0.465625 1.008000
0.478125 0.592000
0.490625 1.608000
0.503125 1.112000
0.515625 2.568000
0.528125 3.144000
0.540625 1.752000
0.553125 3.925333
0.565625 2.133333
0.578125 4.693333
0.590625 5.096000
0.603125 2.618667
0.615625 5.277333
0.628125 2.672000
0.640625 5.088000
0.653125 4.890667
0.665625 2.384000
0.678125 4.592000
0.690625 2.176000
0.703125 4.000000
0.715625 3.581333
0.728125 1.808000
0.740625 2.754667
0.753125 1.240000
0.765625 2.162667
0.778125 1.674667
0.790625 0.754667
0.803125 1.072000
0.815625 0.434667
0.828125 0.704000
0.840625 0.482667
0.853125 0.154667
0.865625 0.170667
0.878125 0.048000
0.890625 0.109333
0.903125 0.042667
0.915625 0.008000
0.928125 0.016000
0.940625 0.002667
