-0.976563 0.012043
-0.937813 0.124731
-0.899062 0.344946
-0.860313 0.614194
-0.821562 0.907527
-0.782813 0.982366
-0.744063 0.969462
-0.705313 1.003011
-0.666562 0.825806
-0.627812 0.837849
-0.589063 0.733763
-0.550312 0.627957
-0.511563 0.563441
-0.472812 0.531613
-0.434063 0.472258
-0.395312 0.431828
-0.356563 0.407742
-0.317813 0.368172
-0.279062 0.360430
-0.240313 0.348387
-0.201562 0.308817
-0.162813 0.279570
-0.124062 0.304516
-0.085313 0.305376
-0.046563 0.225376
-0.007813 0.274409
0.030938 0.264946
0.069687 0.304516
0.108437 0.302796
0.147188 0.330323
0.185938 0.297634
0.224687 0.366452
0.263437 0.330323
0.302188 0.374194
0.340937 0.409462
0.379687 0.447312
0.418438 0.499785
0.457188 0.560000
0.495937 0.614194
0.534687 0.726022
0.573438 0.756129
0.612187 0.784516
0.650937 0.928172
0.689688 0.947957
0.728438 0.979785
0.767187 0.941935
0.805937 0.754409
0.844688 0.473978
0.883437 0.209032
0.922187 0.036989
