0.539063 0.001347
0.546484 0.001347
0.553906 0.002695
0.561328 0.004042
0.568750 0.004042
0.576172 0.008084
0.583594 0.021558
0.591016 0.020211
0.598437 0.039074
0.605859 0.045811
0.613281 0.090275
0.620703 0.211539
0.628125 0.291034
0.635547 0.351667
0.642969 0.405562
0.650391 0.737018
0.657813 1.003800
0.665234 1.337950
0.672656 1.756986
0.680078 1.690964
0.687500 2.837586
0.694922 3.671616
0.702344 4.341264
0.709766 5.196852
0.717187 4.625562
0.724609 7.022554
0.732031 7.874100
0.739453 8.733729
0.746875 9.566411
0.754297 7.155945
0.761719 9.791424
0.769141 9.978710
0.776563 8.982995
0.783984 8.309304
0.791406 5.528308
0.798828 6.257242
0.806250 5.156431
0.813672 3.853512
0.821094 2.965588
0.828516 1.522542
0.835938 1.405319
0.843359 0.844808
0.850781 0.528174
0.858203 0.282950
0.865625 0.126654
0.873047 0.099706
0.880469 0.029642
0.887891 0.016169
0.895312 0.005390
0.902734 0.001347
