-0.937500 0.089933
-0.899805 0.855553
-0.862109 2.190215
-0.824414 2.609634
-0.786719 2.011146
-0.749023 1.371802
-0.711328 0.906753
-0.673633 0.566654
-0.635938 0.359730
-0.598242 0.252819
-0.560547 0.175355
-0.522852 0.110890
-0.485156 0.091790
-0.447461 0.072954
-0.409766 0.054649
-0.372070 0.047486
-0.334375 0.038201
-0.296680 0.023345
-0.258984 0.025202
-0.221289 0.021488
-0.183594 0.023080
-0.145898 0.019631
-0.108203 0.014856
-0.070508 0.017509
-0.032812 0.016713
0.004883 0.016183
0.042578 0.020427
0.080273 0.018305
0.117969 0.018040
0.155664 0.018570
0.193359 0.028386
0.231055 0.024937
0.268750 0.031569
0.306445 0.038467
0.344141 0.049078
0.381836 0.060751
0.419531 0.087014
0.457227 0.119645
0.494922 0.174294
0.532617 0.223637
0.570313 0.340099
0.608008 0.485211
0.645703 0.759253
0.683398 1.239424
0.721094 1.814302
0.758789 2.673569
0.796484 3.248978
0.834180 2.321001
0.871875 0.706992
0.909570 0.042977
