-0.772647 0.942871
-0.741890 1.593126
-0.711133 1.040409
-0.680375 0.682768
-0.649618 0.520204
-0.618861 0.487692
-0.588104 0.390153
-0.557347 0.487692
-0.526590 0.455179
-0.495833 0.325128
-0.465075 0.747794
-0.434318 0.552717
-0.403561 0.520204
-0.372804 0.780307
-0.342047 0.650256
-0.311290 0.520204
-0.280533 0.682768
-0.249775 0.650256
-0.219018 0.617743
-0.188261 0.715281
-0.157504 0.585230
-0.126747 0.617743
-0.095990 0.682768
-0.065233 0.780307
-0.034476 0.487692
-0.003718 0.585230
0.027039 0.520204
0.057796 0.845332
0.088553 0.650256
0.119310 0.617743
0.150067 0.520204
0.180824 0.487692
0.211582 1.040409
0.242339 0.585230
0.273096 0.780307
0.303853 0.585230
0.334610 0.682768
0.365367 0.455179
0.396124 0.682768
0.426882 0.455179
0.457639 0.520204
0.488396 0.747794
0.519153 0.422666
0.549910 0.357641
0.580667 0.585230
0.611424 0.260102
0.642182 0.585230
0.672939 0.617743
0.703696 1.593126
0.734453 0.812819
