0.689801 0.830045
0.691006 1.660091
0.692211 0.000000
0.693416 3.320182
0.694620 0.830045
0.695825 1.660091
0.697030 1.660091
0.698235 1.660091
0.699440 4.980273
0.700644 2.490136
0.701849 4.980273
0.703054 0.830045
0.704259 4.980273
0.705463 4.980273
0.706668 9.960546
0.707873 9.960546
0.709078 11.620637
0.710282 18.261001
0.711487 11.620637
0.712692 18.261001
0.713897 22.411228
0.715101 19.921092
0.716306 30.711683
0.717511 21.581183
0.718716 26.561455
0.719920 38.182092
0.721125 39.842183
0.722330 43.992411
0.723535 42.332320
0.724739 42.332320
0.725944 46.482547
0.727149 43.992411
0.728354 44.822456
0.729558 38.182092
0.730763 40.672229
0.731968 32.371774
0.733173 22.411228
0.734377 19.921092
0.735582 22.411228
0.736787 15.770864
0.737992 16.600910
0.739196 12.450682
0.740401 7.470409
0.741606 7.470409
0.742811 6.640364
0.744015 4.980273
0.745220 2.490136
0.746425 0.830045
0.747630 0.830045
0.748834 0.830045
