0.00	0.000000
0.01	1.133127
0.02	0.894357
0.03	1.092488
0.04	0.964419
0.05	1.014849
0.06	1.061707
0.07	1.073796
0.08	1.078378
0.09	1.036237
0.10	1.051428
0.11	1.022194
0.12	1.129293
0.13	1.140983
0.14	1.030145
0.15	1.184109
0.16	1.195880
0.17	1.037621
0.18	1.163995
0.19	1.154473
0.20	1.099371
0.21	1.269384
0.22	1.166469
0.23	1.268941
0.24	1.258715
0.25	1.445578
0.26	1.289446
0.27	1.501012
0.28	1.492390
0.29	1.402665
0.30	1.603722
0.31	1.532852
0.32	1.686580
0.33	1.735890
0.34	1.759828
0.35	1.805012
0.36	1.905575
0.37	2.220113
0.38	2.230791
0.39	2.567503
0.40	2.782297
0.41	2.830527
0.42	4.022371
0.43	4.901882
0.44	4.640539
0.45	4.063051
0.46	2.912586
0.47	2.191952
0.48	2.034422
0.49	1.742952
0.50	1.412357
0.51	1.317326
0.52	1.159639
0.53	0.988886
0.54	0.824509
0.55	0.782210
0.56	0.673393
0.57	0.626628
0.58	0.532539
0.59	0.544975
0.60	0.498348
0.61	0.385344
0.62	0.361309
0.63	0.316251
0.64	0.283716
0.65	0.247359
0.66	0.233841
0.67	0.222562
0.68	0.193276
0.69	0.174518
0.70	0.170590
0.71	0.138515
0.72	0.126155
0.73	0.129892
0.74	0.116289
0.75	0.098421
0.76	0.092458
0.77	0.081645
0.78	0.068200
0.79	0.074712
0.80	0.066821
0.81	0.059859
0.82	0.058719
0.83	0.047137
0.84	0.046316
0.85	0.038673
0.86	0.034505
0.87	0.034396
0.88	0.033357
0.89	0.030628
0.90	0.024096
0.91	0.025106
0.92	0.021583
0.93	0.024304
0.94	0.018426
0.95	0.015482
0.96	0.016502
0.97	0.015089
0.98	0.011065
0.99	0.010384
1.00	0.010785
1.00	0.010366
0.99	0.013644
0.98	0.012591
0.97	0.013556
0.96	0.015917
0.95	0.018840
0.94	0.017664
0.93	0.020134
0.92	0.021352
0.91	0.021510
0.90	0.028376
0.89	0.032884
0.88	0.029950
0.87	0.034790
0.86	0.033664
0.85	0.043041
0.84	0.047402
0.83	0.052562
0.82	0.050102
0.81	0.055927
0.80	0.058120
0.79	0.070468
0.78	0.077419
0.77	0.087419
0.76	0.092247
0.75	0.104622
0.74	0.125862
0.73	0.124734
0.72	0.120989
0.71	0.142265
0.70	0.158876
0.69	0.160961
0.68	0.211163
0.67	0.206576
0.66	0.270253
0.65	0.284294
0.64	0.302846
0.63	0.316569
0.62	0.349524
0.61	0.372906
0.60	0.455944
0.59	0.489305
0.58	0.487476
0.57	0.593577
0.56	0.705133
0.55	0.785580
0.54	0.959140
0.53	0.924062
0.52	1.116864
0.51	1.352649
0.50	1.486978
0.49	1.609433
0.48	2.116361
0.47	2.632384
0.46	3.890272
0.45	3.453552
0.44	5.007770
0.43	4.508583
0.42	3.501421
0.41	3.000610
0.40	2.760789
0.39	2.278841
0.38	2.233409
0.37	1.952265
0.36	1.859483
0.35	1.869763
0.34	1.743206
0.33	1.881542
0.32	1.642432
0.31	1.681107
0.30	1.585427
0.29	1.572182
0.28	1.585438
0.27	1.462687
0.26	1.532494
0.25	1.408551
0.24	1.466720
0.23	1.317828
0.22	1.415882
0.21	1.275144
0.20	1.083294
0.19	1.256192
0.18	1.217241
0.17	1.113324
0.16	1.223515
0.15	1.152633
0.14	1.062200
0.13	1.039134
0.12	1.197683
0.11	0.929939
0.10	1.052632
0.09	1.098894
0.08	1.028984
0.07	1.059955
0.06	1.129686
0.05	0.958305
0.04	1.014706
0.03	0.990123
0.02	0.969581
0.01	0.903191
-0.00	0.000000
