0.00	0.000000
0.01	0.967196
0.02	1.049255
0.03	1.024349
0.04	0.967419
0.05	1.006366
0.06	0.980891
0.07	0.957574
0.08	1.062582
0.09	1.054708
0.10	0.980059
0.11	1.011175
0.12	0.973789
0.13	1.237337
0.14	1.000300
0.15	1.168227
0.16	0.958389
0.17	1.168496
0.18	1.303419
0.19	1.323868
0.20	1.176517
0.21	1.203784
0.22	1.282338
0.23	1.397640
0.24	1.302044
0.25	1.281816
0.26	1.347415
0.27	1.509497
0.28	1.592248
0.29	1.431933
0.30	1.781408
0.31	1.583269
0.32	1.620169
0.33	1.667103
0.34	1.927825
0.35	1.832327
0.36	2.048852
0.37	2.262934
0.38	2.168732
0.39	2.479683
0.40	2.836015
0.41	3.164857
0.42	3.869040
0.43	4.431857
0.44	4.841634
0.45	3.463030
0.46	3.046075
0.47	2.735971
0.48	1.957061
0.49	1.728982
0.50	1.456173
0.51	1.290517
0.52	1.070477
0.53	0.987357
0.54	0.868441
0.55	0.785348
0.56	0.636954
0.57	0.562611
0.58	0.502510
0.59	0.476379
0.60	0.463563
0.61	0.407509
0.62	0.391032
0.63	0.309474
0.64	0.279717
0.65	0.276884
0.66	0.217739
0.67	0.239063
0.68	0.208238
0.69	0.165555
0.70	0.166702
0.71	0.145036
0.72	0.131179
0.73	0.109343
0.74	0.104777
0.75	0.103729
0.76	0.090887
0.77	0.080492
0.78	0.078662
0.79	0.071981
0.80	0.065539
0.81	0.059507
0.82	0.045432
0.83	0.055224
0.84	0.043750
0.85	0.039579
0.86	0.035500
0.87	0.039955
0.88	0.035759
0.89	0.028209
0.90	0.027341
0.91	0.025523
0.92	0.023077
0.93	0.019090
0.94	0.019984
0.95	0.015906
0.96	0.016817
0.97	0.015709
0.98	0.014117
0.99	0.012184
1.00	0.012441
1.00	0.011738
0.99	0.012693
0.98	0.012996
0.97	0.012800
0.96	0.017343
0.95	0.017702
0.94	0.018839
0.93	0.021822
0.92	0.021609
0.91	0.026763
0.90	0.025907
0.89	0.034188
0.88	0.027150
0.87	0.032563
0.86	0.037262
0.85	0.044540
0.84	0.044852
0.83	0.044808
0.82	0.061518
0.81	0.062932
0.80	0.061290
0.79	0.072187
0.78	0.077584
0.77	0.083084
0.76	0.077130
0.75	0.109122
0.74	0.108754
0.73	0.120884
0.72	0.136621
0.71	0.146053
0.70	0.152540
0.69	0.172273
0.68	0.187115
0.67	0.216102
0.66	0.263129
0.65	0.264701
0.64	0.259167
0.63	0.344204
0.62	0.330068
0.61	0.428818
0.60	0.449540
0.59	0.443352
0.58	0.534954
0.57	0.528094
0.56	0.605967
0.55	0.811219
0.54	0.910507
0.53	0.952881
0.52	1.156352
0.51	1.062174
0.50	1.304858
0.49	1.661297
0.48	2.062938
0.47	2.258932
0.46	2.649460
0.45	3.312364
0.44	5.085015
0.43	5.643118
0.42	4.267515
0.41	3.141215
0.40	2.799678
0.39	2.514712
0.38	2.109020
0.37	2.140396
0.36	2.098363
0.35	1.902018
0.34	1.748413
0.33	1.706892
0.32	1.744144
0.31	1.764857
0.30	1.493127
0.29	1.571821
0.28	1.499546
0.27	1.419308
0.26	1.525065
0.25	1.393901
0.24	1.259571
0.23	1.357227
0.22	1.297177
0.21	1.256408
0.20	1.245544
0.19	1.088670
0.18	1.223211
0.17	1.217488
0.16	1.187602
0.15	1.239652
0.14	1.062762
0.13	1.008660
0.12	0.898597
0.11	1.137769
0.10	1.029452
0.09	1.290301
0.08	1.055050
0.07	0.884178
0.06	0.979539
0.05	1.033408
0.04	1.105074
0.03	0.884487
0.02	0.951936
0.01	0.856943
-0.00	0.000000
