0.00	0.000000
0.01	0.922499
0.02	1.007498
0.03	1.023046
0.04	1.019653
0.05	0.951871
0.06	0.950852
0.07	1.082877
0.08	1.130799
0.09	1.067614
0.10	0.877041
0.11	0.974409
0.12	1.133577
0.13	1.072546
0.14	1.137207
0.15	1.053639
0.16	1.084106
0.17	1.217184
0.18	1.113797
0.19	1.254046
0.20	1.203821
0.21	1.203134
0.22	1.213612
0.23	1.241303
0.24	1.428094
0.25	1.142545
0.26	1.488710
0.27	1.390175
0.28	1.471265
0.29	1.672452
0.30	1.328858
0.31	1.738396
0.32	1.707076
0.33	1.957624
0.34	2.124347
0.35	2.087814
0.36	2.086003
0.37	2.119596
0.38	2.362026
0.39	2.351204
0.40	2.491992
0.41	2.816161
0.42	4.388762
0.43	4.263381
0.44	3.591191
0.45	2.980934
0.46	3.110362
0.47	2.188016
0.48	1.893431
0.49	1.484860
0.50	1.613398
0.51	1.293642
0.52	1.001316
0.53	1.000837
0.54	0.840586
0.55	0.675453
0.56	0.656841
0.57	0.592417
0.58	0.540657
0.59	0.458341
0.60	0.440721
0.61	0.390987
0.62	0.389587
0.63	0.332591
0.64	0.260884
0.65	0.248586
0.66	0.232685
0.67	0.221400
0.68	0.197984
0.69	0.160446
0.70	0.166281
0.71	0.165799
0.72	0.150471
0.73	0.124259
0.74	0.121390
0.75	0.105640
0.76	0.087575
0.77	0.076544
0.78	0.077632
0.79	0.061407
0.80	0.060396
0.81	0.063603
0.82	0.049543
0.83	0.049469
0.84	0.040872
0.85	0.043526
0.86	0.041361
0.87	0.037741
0.88	0.033396
0.89	0.031492
0.90	0.029487
0.91	0.026255
0.92	0.023270
0.93	0.019550
0.94	0.018731
0.95	0.018104
0.96	0.017072
0.97	0.013237
0.98	0.013019
0.99	0.010963
1.00	0.012611
1.00	0.012439
0.99	0.014367
0.98	0.012257
0.97	0.015979
0.96	0.016609
0.95	0.016750
0.94	0.018772
0.93	0.023362
0.92	0.026134
0.91	0.026547
0.90	0.031578
0.89	0.029829
0.88	0.028069
0.87	0.031675
0.86	0.035384
0.85	0.040577
0.84	0.052182
0.83	0.051812
0.82	0.049851
0.81	0.058238
0.80	0.068809
0.79	0.079852
0.78	0.073482
0.77	0.082156
0.76	0.097504
0.75	0.091839
0.74	0.117841
0.73	0.127629
0.72	0.142247
0.71	0.160632
0.70	0.162779
0.69	0.158044
0.68	0.196727
0.67	0.201771
0.66	0.237359
0.65	0.260946
0.64	0.311767
0.63	0.317859
0.62	0.373111
0.61	0.378231
0.60	0.421184
0.59	0.502347
0.58	0.595016
0.57	0.551441
0.56	0.678878
0.55	0.793249
0.54	0.777362
0.53	0.963977
0.52	1.154976
0.51	1.253013
0.50	1.473328
0.49	1.517673
0.48	2.046461
0.47	2.471302
0.46	3.477198
0.45	3.627813
0.44	4.655097
0.43	3.927338
0.42	3.578497
0.41	3.430487
0.40	2.832697
0.39	2.562254
0.38	2.228913
0.37	2.318757
0.36	2.003354
0.35	2.019753
0.34	1.727180
0.33	1.688674
0.32	1.667706
0.31	1.763017
0.30	1.593599
0.29	1.426733
0.28	1.491517
0.27	1.398910
0.26	1.481835
0.25	1.289969
0.24	1.427852
0.23	1.355720
0.22	1.224168
0.21	1.219768
0.20	1.192036
0.19	1.049827
0.18	1.196500
0.17	1.159781
0.16	1.140013
0.15	1.057260
0.14	1.088165
0.13	1.104958
0.12	1.133584
0.11	1.067841
0.10	1.022672
0.09	1.071796
0.08	1.001129
0.07	0.919040
0.06	1.032227
0.05	1.003719
0.04	0.929602
0.03	0.953000
0.02	0.911088
0.01	1.068493
-0.00	0.000000
