0.00	0.000000
0.01	1.036812
0.02	1.005942
0.03	0.958965
0.04	1.077077
0.05	0.996369
0.06	0.985069
0.07	0.966642
0.08	0.963262
0.09	1.129901
0.10	0.968527
0.11	1.062146
0.12	1.077478
0.13	1.106880
0.14	1.187484
0.15	0.978913
0.16	1.088037
0.17	1.067176
0.18	1.066290
0.19	1.155417
0.20	1.361842
0.21	1.238986
0.22	1.102177
0.23	1.198834
0.24	1.298764
0.25	1.526871
0.26	1.392979
0.27	1.492821
0.28	1.409734
0.29	1.415564
0.30	1.616641
0.31	1.520012
0.32	1.738138
0.33	1.695497
0.34	1.778124
0.35	2.009650
0.36	2.106098
0.37	2.142371
0.38	2.503212
0.39	2.768532
0.40	2.771289
0.41	3.091908
0.42	4.041008
0.43	4.897415
0.44	3.843971
0.45	3.882026
0.46	2.908600
0.47	2.641131
0.48	1.833241
0.49	1.584077
0.50	1.423854
0.51	1.202897
0.52	1.050402
0.53	0.907032
0.54	0.819110
0.55	0.831641
0.56	0.650779
0.57	0.603972
0.58	0.541675
0.59	0.448119
0.60	0.451175
0.61	0.377264
0.62	0.375932
0.63	0.308370
0.64	0.270140
0.65	0.274203
0.66	0.232686
0.67	0.214609
0.68	0.199586
0.69	0.166523
0.70	0.150820
0.71	0.153934
0.72	0.136640
0.73	0.109332
0.74	0.102159
0.75	0.101663
0.76	0.096269
0.77	0.081563
0.78	0.077406
0.79	0.066620
0.80	0.062711
0.81	0.067939
0.82	0.050077
0.83	0.046012
0.84	0.044889
0.85	0.043439
0.86	0.039934
0.87	0.036874
0.88	0.033846
0.89	0.028384
0.90	0.027724
0.91	0.027852
0.92	0.021928
0.93	0.015630
0.94	0.018565
0.95	0.018550
0.96	0.015515
0.97	0.013665
0.98	0.013959
0.99	0.014316
1.00	0.015102
1.00	0.011174
0.99	0.012281
0.98	0.013697
0.97	0.014577
0.96	0.017090
0.95	0.014917
0.94	0.021228
0.93	0.020628
0.92	0.026623
0.91	0.025506
0.90	0.027428
0.89	0.032555
0.88	0.032347
0.87	0.035026
0.86	0.036209
0.85	0.044989
0.84	0.043198
0.83	0.053427
0.82	0.047895
0.81	0.058376
0.80	0.066314
0.79	0.075949
0.78	0.077572
0.77	0.086750
0.76	0.086041
0.75	0.092019
0.74	0.109227
0.73	0.117100
0.72	0.137566
0.71	0.148291
0.70	0.152333
0.69	0.172794
0.68	0.165764
0.67	0.212651
0.66	0.211337
0.65	0.271911
0.64	0.303446
0.63	0.334505
0.62	0.361967
0.61	0.379238
0.60	0.441693
0.59	0.526131
0.58	0.517234
0.57	0.692828
0.56	0.654089
0.55	0.800207
0.54	0.895902
0.53	0.979187
0.52	1.111327
0.51	1.273427
0.50	1.420390
0.49	1.493734
0.48	2.177849
0.47	2.711090
0.46	2.986747
0.45	3.378763
0.44	4.392426
0.43	4.332934
0.42	4.370703
0.41	3.135784
0.40	2.581514
0.39	2.542358
0.38	2.357219
0.37	2.168601
0.36	2.286214
0.35	2.037484
0.34	1.783150
0.33	1.671986
0.32	1.770406
0.31	1.603809
0.30	1.559086
0.29	1.610182
0.28	1.505193
0.27	1.406702
0.26	1.397421
0.25	1.409491
0.24	1.457659
0.23	1.384563
0.22	1.188387
0.21	1.239018
0.20	1.352728
0.19	1.196743
0.18	1.139441
0.17	1.075347
0.16	1.164757
0.15	1.206134
0.14	1.027117
0.13	1.123265
0.12	1.136867
0.11	1.015222
0.10	1.027042
0.09	1.100109
0.08	1.031672
0.07	1.039890
0.06	1.124738
0.05	0.979590
0.04	1.044638
0.03	0.996952
0.02	0.918251
0.01	1.153798
-0.00	0.000000
