0.00	0.000000
0.01	0.944037
0.02	0.938251
0.03	0.949346
0.04	1.055550
0.05	0.948475
0.06	1.048813
0.07	1.024128
0.08	1.105399
0.09	1.038490
0.10	0.920088
0.11	1.089579
0.12	1.060872
0.13	1.113161
0.14	1.055959
0.15	1.120073
0.16	1.202284
0.17	1.085531
0.18	1.067655
0.19	1.230217
0.20	1.180354
0.21	1.303041
0.22	1.204514
0.23	1.303040
0.24	1.335034
0.25	1.495637
0.26	1.334750
0.27	1.349098
0.28	1.659684
0.29	1.520213
0.30	1.594966
0.31	1.620214
0.32	1.634129
0.33	1.827988
0.34	1.859675
0.35	1.968098
0.36	2.065494
0.37	2.291415
0.38	2.365487
0.39	2.236758
0.40	2.623854
0.41	2.969529
0.42	4.297261
0.43	4.444562
0.44	4.625492
0.45	3.511365
0.46	3.307891
0.47	2.402503
0.48	2.264828
0.49	1.645921
0.50	1.297895
0.51	1.282465
0.52	1.158336
0.53	0.889657
0.54	0.791406
0.55	0.749048
0.56	0.714846
0.57	0.630308
0.58	0.548482
0.59	0.512000
0.60	0.466658
0.61	0.425304
0.62	0.308073
0.63	0.318218
0.64	0.299863
0.65	0.279868
0.66	0.246354
0.67	0.220622
0.68	0.204166
0.69	0.149659
0.70	0.153216
0.71	0.160867
0.72	0.143374
0.73	0.112982
0.74	0.116622
0.75	0.098683
0.76	0.089544
0.77	0.094646
0.78	0.067024
0.79	0.067113
0.80	0.055652
0.81	0.049244
0.82	0.049081
0.83	0.051888
0.84	0.045005
0.85	0.041881
0.86	0.044612
0.87	0.032781
0.88	0.034827
0.89	0.026013
0.90	0.027327
0.91	0.029151
0.92	0.024839
0.93	0.020684
0.94	0.019653
0.95	0.019706
0.96	0.018474
0.97	0.014463
0.98	0.013848
0.99	0.011009
1.00	0.010946
1.00	0.011831
0.99	0.012661
0.98	0.013184
0.97	0.015165
0.96	0.015545
0.95	0.014252
0.94	0.018464
0.93	0.020308
0.92	0.023081
0.91	0.026463
0.90	0.028661
0.89	0.031099
0.88	0.028402
0.87	0.035911
0.86	0.040359
0.85	0.047959
0.84	0.045997
0.83	0.054502
0.82	0.060301
0.81	0.060594
0.80	0.067581
0.79	0.071117
0.78	0.084067
0.77	0.090616
0.76	0.085222
0.75	0.115301
0.74	0.115921
0.73	0.105775
0.72	0.137768
0.71	0.148652
0.70	0.144915
0.69	0.159290
0.68	0.196712
0.67	0.232162
0.66	0.246899
0.65	0.262816
0.64	0.296533
0.63	0.282798
0.62	0.322792
0.61	0.408045
0.60	0.436721
0.59	0.418249
0.58	0.520938
0.57	0.606832
0.56	0.733745
0.55	0.863479
0.54	0.957301
0.53	0.954202
0.52	0.921045
0.51	1.299969
0.50	1.534965
0.49	1.807981
0.48	2.059501
0.47	2.445973
0.46	3.402362
0.45	3.651377
0.44	5.158623
0.43	3.792671
0.42	3.752467
0.41	3.558879
0.40	2.781434
0.39	2.442545
0.38	2.300232
0.37	2.010384
0.36	2.054247
0.35	1.825833
0.34	1.931521
0.33	1.817323
0.32	1.607149
0.31	1.656657
0.30	1.538480
0.29	1.430137
0.28	1.570017
0.27	1.559765
0.26	1.408021
0.25	1.340535
0.24	1.356202
0.23	1.231012
0.22	1.223524
0.21	1.215682
0.20	1.199043
0.19	1.275528
0.18	1.261945
0.17	1.048049
0.16	1.180872
0.15	0.971191
0.14	1.067209
0.13	1.141432
0.12	1.144931
0.11	0.904102
0.10	1.211738
0.09	1.021838
0.08	1.145052
0.07	1.051912
0.06	1.063762
0.05	0.939112
0.04	0.988809
0.03	0.969258
0.02	1.076997
0.01	0.812218
-0.00	0.000000
