0.00	0.390625
0.01	0.969885
0.02	1.069501
0.03	1.257450
0.04	1.189892
0.05	1.141676
0.06	1.221478
0.07	1.319364
0.08	1.334634
0.09	1.369473
0.10	1.632301
0.11	1.683976
0.12	1.745384
0.13	1.701367
0.14	2.016322
0.15	1.940044
0.16	2.147810
0.17	2.220895
0.18	2.550322
0.19	2.887818
0.20	3.043061
0.21	3.244367
0.22	3.475101
0.23	3.794812
0.24	3.901567
0.25	4.589338
0.26	4.847533
0.27	5.720491
0.28	5.555940
0.29	6.737917
0.30	6.728673
0.31	8.106966
0.32	8.771520
0.33	12.592265
0.34	13.031132
0.35	15.241321
0.36	18.999071
0.37	21.170676
0.38	26.958008
0.39	51.180473
0.40	64.924572
0.41	88.813486
0.42	194.286650
0.43	329.655893
0.44	38.352556
0.45	218.486269
0.46	5.270295
0.47	2.109467
0.48	1.724616
0.49	1.942947
0.50	0.872358
0.51	0.571208
0.52	0.464936
0.53	0.415079
0.54	0.247517
0.55	0.233995
0.56	0.191358
0.57	0.159213
0.58	0.143197
0.59	0.148707
0.60	0.122178
0.61	0.080185
0.62	0.074348
0.63	0.060553
0.64	0.056920
0.65	0.048012
0.66	0.044263
0.67	0.040510
0.68	0.034658
0.69	0.028914
0.70	0.029330
0.71	0.023866
0.72	0.022134
0.73	0.023485
0.74	0.019871
0.75	0.015727
0.76	0.014381
0.77	0.012308
0.78	0.010332
0.79	0.011236
0.80	0.010581
0.81	0.008917
0.82	0.008611
0.83	0.006742
0.84	0.006789
0.85	0.005473
0.86	0.004811
0.87	0.004953
0.88	0.004680
0.89	0.004343
0.90	0.003215
0.91	0.003486
0.92	0.003079
0.93	0.003339
0.94	0.002599
0.95	0.002055
0.96	0.002283
0.97	0.001960
0.98	0.001572
0.99	0.001460
1.00	0.001420
1.00	0.001380
0.99	0.001875
0.98	0.001687
0.97	0.001858
0.96	0.002177
0.95	0.002617
0.94	0.002357
0.93	0.002841
0.92	0.002982
0.91	0.002954
0.90	0.003735
0.89	0.004624
0.88	0.004180
0.87	0.005002
0.86	0.004665
0.85	0.006431
0.84	0.006903
0.83	0.007367
0.82	0.007248
0.81	0.008328
0.80	0.008658
0.79	0.010584
0.78	0.011857
0.77	0.013895
0.76	0.014890
0.75	0.017281
0.74	0.019415
0.73	0.021364
0.72	0.020420
0.71	0.023750
0.70	0.028724
0.69	0.027605
0.68	0.038042
0.67	0.037737
0.66	0.049489
0.65	0.057773
0.64	0.059234
0.63	0.066501
0.62	0.076591
0.61	0.081512
0.60	0.102078
0.59	0.109968
0.58	0.119379
0.57	0.169187
0.56	0.212540
0.55	0.247842
0.54	0.329513
0.53	0.327850
0.52	0.460772
0.51	0.619920
0.50	0.753333
0.49	0.950788
0.48	1.707722
0.47	4.879023
0.46	642.085192
0.45	10.183611
0.44	437.114031
0.43	136.949730
0.42	126.276246
0.41	75.700666
0.40	59.701148
0.39	39.304128
0.38	30.336985
0.37	24.401489
0.36	18.080181
0.35	15.620867
0.34	12.650507
0.33	10.257808
0.32	9.597957
0.31	8.567579
0.30	6.694956
0.29	6.585898
0.28	5.859551
0.27	5.304300
0.26	4.250834
0.25	4.593366
0.24	4.152633
0.23	3.449772
0.22	3.445795
0.21	3.109562
0.20	3.084908
0.19	2.488327
0.18	2.443806
0.17	2.304786
0.16	1.972896
0.15	1.960664
0.14	2.029166
0.13	1.870590
0.12	1.884670
0.11	1.512894
0.10	1.509123
0.09	1.412432
0.08	1.404785
0.07	1.161405
0.06	1.154270
0.05	1.215930
0.04	1.254071
0.03	1.185340
0.02	0.779287
0.01	1.009389
-0.00	0.140625
