0.00	0.035156
0.01	0.904968
0.02	0.866032
0.03	0.922468
0.04	1.180040
0.05	1.380760
0.06	1.183270
0.07	1.370491
0.08	1.351634
0.09	1.617452
0.10	1.501408
0.11	1.638223
0.12	1.655145
0.13	1.850495
0.14	1.985147
0.15	1.992838
0.16	2.084054
0.17	2.409935
0.18	2.431120
0.19	2.655442
0.20	2.787943
0.21	3.198526
0.22	3.415311
0.23	3.773397
0.24	3.677578
0.25	4.077310
0.26	4.284247
0.27	4.738991
0.28	6.006693
0.29	6.843425
0.30	7.256491
0.31	7.789314
0.32	9.840275
0.33	11.281345
0.34	13.615194
0.35	15.713574
0.36	16.335593
0.37	24.176864
0.38	29.790379
0.39	43.664599
0.40	58.918355
0.41	113.147372
0.42	124.940638
0.43	194.966077
0.44	17.890525
0.45	7.430031
0.46	5.833230
0.47	3.216264
0.48	1.675344
0.49	0.950406
0.50	0.736127
0.51	0.532288
0.52	0.428430
0.53	0.334047
0.54	0.276438
0.55	0.269935
0.56	0.162760
0.57	0.149161
0.58	0.131541
0.59	0.113778
0.60	0.104040
0.61	0.089963
0.62	0.077906
0.63	0.062289
0.64	0.052241
0.65	0.049939
0.66	0.039820
0.67	0.045388
0.68	0.037356
0.69	0.029348
0.70	0.029711
0.71	0.023688
0.72	0.022070
0.73	0.017035
0.74	0.016759
0.75	0.016950
0.76	0.014180
0.77	0.012555
0.78	0.011577
0.79	0.010399
0.80	0.009661
0.81	0.008914
0.82	0.006753
0.83	0.007783
0.84	0.006555
0.85	0.005710
0.86	0.005060
0.87	0.005815
0.88	0.004961
0.89	0.003897
0.90	0.003874
0.91	0.003408
0.92	0.003211
0.93	0.002677
0.94	0.002733
0.95	0.002148
0.96	0.002348
0.97	0.002133
0.98	0.001917
0.99	0.001592
1.00	0.001688
1.00	0.001610
0.99	0.001608
0.98	0.001740
0.97	0.001621
0.96	0.002476
0.95	0.002327
0.94	0.002531
0.93	0.003114
0.92	0.002954
0.91	0.003741
0.90	0.003525
0.89	0.005053
0.88	0.003805
0.87	0.004751
0.86	0.005324
0.85	0.006244
0.84	0.006476
0.83	0.006242
0.82	0.009168
0.81	0.009215
0.80	0.009350
0.79	0.011351
0.78	0.011881
0.77	0.012504
0.76	0.011416
0.75	0.017006
0.74	0.017521
0.73	0.020299
0.72	0.021608
0.71	0.024041
0.70	0.025806
0.69	0.029288
0.68	0.033022
0.67	0.038398
0.66	0.047986
0.65	0.049660
0.64	0.052543
0.63	0.066925
0.62	0.069428
0.61	0.093258
0.60	0.102489
0.59	0.101780
0.58	0.132379
0.57	0.142465
0.56	0.168886
0.55	0.239433
0.54	0.265067
0.53	0.298499
0.52	0.441804
0.51	0.610921
0.50	0.622935
0.49	0.902523
0.48	1.525254
0.47	2.139707
0.46	3.771925
0.45	7.795017
0.44	394.944215
0.43	238.506138
0.42	196.171054
0.41	112.448541
0.40	52.518015
0.39	41.755477
0.38	37.050522
0.37	24.917002
0.36	19.047446
0.35	16.394729
0.34	12.707713
0.33	11.299264
0.32	7.787969
0.31	8.091869
0.30	6.581334
0.29	6.500147
0.28	5.545600
0.27	5.190366
0.26	4.356197
0.25	4.309018
0.24	4.037700
0.23	3.898633
0.22	3.460780
0.21	3.135791
0.20	2.925642
0.19	2.634084
0.18	2.732939
0.17	2.179837
0.16	2.226286
0.15	1.902376
0.14	1.829445
0.13	1.879220
0.12	1.600492
0.11	1.771693
0.10	1.466739
0.09	1.472377
0.08	1.499148
0.07	1.330274
0.06	1.150400
0.05	1.106911
0.04	1.206164
0.03	1.208413
0.02	1.221846
0.01	0.943038
-0.00	0.062500
