0.00	0.472656
0.01	0.975421
0.02	1.107033
0.03	1.215859
0.04	1.247549
0.05	1.276466
0.06	1.182669
0.07	1.174409
0.08	1.608729
0.09	1.383428
0.10	1.543998
0.11	1.564237
0.12	1.598951
0.13	1.755330
0.14	1.973452
0.15	1.810633
0.16	2.084170
0.17	2.003619
0.18	2.270122
0.19	2.576614
0.20	2.955015
0.21	2.887997
0.22	3.390478
0.23	3.916322
0.24	3.635586
0.25	4.832472
0.26	4.869052
0.27	5.704280
0.28	6.134367
0.29	6.682197
0.30	7.678848
0.31	7.933428
0.32	8.854242
0.33	10.153682
0.34	13.823582
0.35	15.886098
0.36	18.104308
0.37	21.650554
0.38	38.013051
0.39	44.052650
0.40	59.079038
0.41	89.469924
0.42	184.054081
0.43	136.695617
0.44	20.098513
0.45	7.183166
0.46	5.872244
0.47	2.056748
0.48	1.247669
0.49	0.886608
0.50	0.920232
0.51	0.666167
0.52	0.352070
0.53	0.388231
0.54	0.271245
0.55	0.218260
0.56	0.206967
0.57	0.161150
0.58	0.123585
0.59	0.106625
0.60	0.100756
0.61	0.084670
0.62	0.085663
0.63	0.067063
0.64	0.047295
0.65	0.045222
0.66	0.044702
0.67	0.039134
0.68	0.034796
0.69	0.030555
0.70	0.028426
0.71	0.026960
0.72	0.025573
0.73	0.020018
0.74	0.019113
0.75	0.016670
0.76	0.013327
0.77	0.011681
0.78	0.011777
0.79	0.009238
0.80	0.008639
0.81	0.009514
0.82	0.007013
0.83	0.007235
0.84	0.006488
0.85	0.006277
0.86	0.005903
0.87	0.005077
0.88	0.004562
0.89	0.004437
0.90	0.004276
0.91	0.003593
0.92	0.003156
0.93	0.002613
0.94	0.002514
0.95	0.002440
0.96	0.002290
0.97	0.001818
0.98	0.001798
0.99	0.001495
1.00	0.001730
1.00	0.001573
0.99	0.001931
0.98	0.001621
0.97	0.002161
0.96	0.002211
0.95	0.002288
0.94	0.002523
0.93	0.003275
0.92	0.003805
0.91	0.003652
0.90	0.004614
0.89	0.004207
0.88	0.003875
0.87	0.004475
0.86	0.005053
0.85	0.006023
0.84	0.007680
0.83	0.007193
0.82	0.007010
0.81	0.008549
0.80	0.010162
0.79	0.011956
0.78	0.011120
0.77	0.012431
0.76	0.015053
0.75	0.013880
0.74	0.019048
0.73	0.020405
0.72	0.023514
0.71	0.027303
0.70	0.028827
0.69	0.028154
0.68	0.036213
0.67	0.036211
0.66	0.045670
0.65	0.051556
0.64	0.061201
0.63	0.073414
0.62	0.079608
0.61	0.087720
0.60	0.100113
0.59	0.119942
0.58	0.144859
0.57	0.143915
0.56	0.196147
0.55	0.257293
0.54	0.288345
0.53	0.341207
0.52	0.452413
0.51	0.498908
0.50	0.765180
0.49	0.830909
0.48	1.590689
0.47	2.048957
0.46	8.204222
0.45	13.807159
0.44	447.812681
0.43	321.182660
0.42	133.522014
0.41	93.659767
0.40	61.202911
0.39	40.158679
0.38	28.492323
0.37	20.964298
0.36	18.590234
0.35	15.818520
0.34	13.471549
0.33	11.806668
0.32	9.643507
0.31	7.750312
0.30	7.779577
0.29	6.312775
0.28	5.472043
0.27	4.958857
0.26	4.820273
0.25	4.325329
0.24	4.138225
0.23	3.423268
0.22	3.339919
0.21	3.011903
0.20	3.106492
0.19	2.555841
0.18	2.607627
0.17	2.528379
0.16	2.044655
0.15	2.047701
0.14	2.055584
0.13	1.999746
0.12	1.573177
0.11	1.544380
0.10	1.472054
0.09	1.340807
0.08	1.441298
0.07	1.173006
0.06	1.317360
0.05	1.206272
0.04	1.190349
0.03	1.095358
0.02	1.072503
0.01	0.843165
-0.00	0.472656
