0.00	0.140625
0.01	0.798460
0.02	1.005518
0.03	1.104350
0.04	0.963444
0.05	1.099228
0.06	1.405521
0.07	1.414654
0.08	1.429002
0.09	1.366489
0.10	1.555506
0.11	1.652382
0.12	1.823483
0.13	1.696522
0.14	1.953554
0.15	2.092734
0.16	2.275638
0.17	2.409215
0.18	2.475301
0.19	2.671452
0.20	2.962401
0.21	3.237978
0.22	3.078296
0.23	3.378327
0.24	4.007367
0.25	4.757301
0.26	5.186823
0.27	5.276484
0.28	6.399604
0.29	6.341869
0.30	7.191744
0.31	8.177162
0.32	8.959954
0.33	10.478051
0.34	13.028489
0.35	14.746258
0.36	17.299719
0.37	25.806946
0.38	31.335914
0.39	39.146013
0.40	60.288752
0.41	66.954614
0.42	166.403117
0.43	286.827974
0.44	12.751662
0.45	11.839805
0.46	9.587348
0.47	6.253891
0.48	2.217423
0.49	0.973082
0.50	0.729425
0.51	0.517900
0.52	0.362293
0.53	0.305418
0.54	0.251018
0.55	0.257340
0.56	0.185832
0.57	0.150719
0.58	0.135486
0.59	0.104549
0.60	0.105945
0.61	0.086045
0.62	0.078052
0.63	0.061646
0.64	0.051776
0.65	0.053092
0.66	0.046067
0.67	0.039980
0.68	0.036841
0.69	0.029446
0.70	0.026389
0.71	0.026491
0.72	0.022581
0.73	0.018254
0.74	0.016991
0.75	0.016088
0.76	0.014533
0.77	0.012354
0.78	0.013170
0.79	0.010038
0.80	0.009305
0.81	0.010365
0.82	0.007501
0.83	0.006609
0.84	0.006311
0.85	0.006516
0.86	0.005588
0.87	0.005010
0.88	0.004600
0.89	0.003861
0.90	0.003899
0.91	0.003910
0.92	0.003029
0.93	0.002127
0.94	0.002474
0.95	0.002503
0.96	0.002148
0.97	0.001839
0.98	0.001867
0.99	0.001931
1.00	0.002159
1.00	0.001575
0.99	0.001648
0.98	0.001814
0.97	0.002058
0.96	0.002414
0.95	0.002006
0.94	0.002968
0.93	0.002744
0.92	0.003705
0.91	0.003754
0.90	0.003866
0.89	0.004523
0.88	0.004545
0.87	0.005004
0.86	0.005091
0.85	0.006439
0.84	0.006286
0.83	0.007473
0.82	0.006743
0.81	0.008674
0.80	0.010116
0.79	0.011997
0.78	0.011528
0.77	0.012805
0.76	0.013321
0.75	0.014604
0.74	0.017038
0.73	0.017948
0.72	0.024894
0.71	0.024473
0.70	0.026968
0.69	0.031560
0.68	0.027802
0.67	0.040610
0.66	0.038138
0.65	0.054141
0.64	0.059670
0.63	0.070170
0.62	0.073707
0.61	0.088919
0.60	0.108473
0.59	0.132135
0.58	0.135105
0.57	0.180820
0.56	0.174783
0.55	0.241306
0.54	0.277511
0.53	0.345617
0.52	0.434650
0.51	0.552235
0.50	0.909005
0.49	1.031485
0.48	1.638001
0.47	2.972967
0.46	8.974889
0.45	9.214171
0.44	354.360301
0.43	273.806190
0.42	138.707275
0.41	103.858196
0.40	57.989402
0.39	46.804070
0.38	31.185067
0.37	23.664309
0.36	18.012455
0.35	14.742653
0.34	13.067348
0.33	10.400409
0.32	9.643390
0.31	8.308799
0.30	7.121554
0.29	6.494688
0.28	6.008995
0.27	5.297734
0.26	5.181548
0.25	4.240469
0.24	3.990678
0.23	3.291214
0.22	3.322986
0.21	3.341388
0.20	2.703928
0.19	2.650842
0.18	2.365103
0.17	2.307806
0.16	2.366054
0.15	2.006156
0.14	1.897953
0.13	2.002187
0.12	1.948872
0.11	1.588152
0.10	1.373085
0.09	1.516018
0.08	1.299971
0.07	1.372338
0.06	1.212289
0.05	1.243320
0.04	1.268553
0.03	1.065172
0.02	1.211992
0.01	1.069536
-0.00	1.000000
