0.00	0.140625
0.01	0.955262
0.02	1.162176
0.03	1.371647
0.04	1.041705
0.05	1.327129
0.06	1.295312
0.07	1.387136
0.08	1.383578
0.09	1.417502
0.10	1.723702
0.11	1.611495
0.12	1.906489
0.13	1.689642
0.14	2.053170
0.15	2.277425
0.16	2.160948
0.17	2.329208
0.18	2.717020
0.19	2.559973
0.20	2.946187
0.21	3.162036
0.22	3.117753
0.23	3.964582
0.24	3.542586
0.25	4.021580
0.26	5.045882
0.27	5.471514
0.28	6.097232
0.29	6.050608
0.30	7.543170
0.31	8.321139
0.32	10.239773
0.33	10.289170
0.34	11.910285
0.35	13.875467
0.36	16.048259
0.37	25.661647
0.38	30.360595
0.39	36.806093
0.40	47.201382
0.41	94.335480
0.42	158.292150
0.43	335.110139
0.44	35.325894
0.45	11.162410
0.46	9.870927
0.47	2.372147
0.48	2.262085
0.49	1.105048
0.50	0.716121
0.51	0.549241
0.52	0.422105
0.53	0.354226
0.54	0.258854
0.55	0.197733
0.56	0.195908
0.57	0.167828
0.58	0.130572
0.59	0.116173
0.60	0.112218
0.61	0.090115
0.62	0.062950
0.63	0.071104
0.64	0.057738
0.65	0.052191
0.66	0.048792
0.67	0.041857
0.68	0.035206
0.69	0.026094
0.70	0.026039
0.71	0.029728
0.72	0.024094
0.73	0.018166
0.74	0.019483
0.75	0.015434
0.76	0.013936
0.77	0.014674
0.78	0.010158
0.79	0.010777
0.80	0.008580
0.81	0.007109
0.82	0.007079
0.83	0.007755
0.84	0.006526
0.85	0.006175
0.86	0.006394
0.87	0.004466
0.88	0.004968
0.89	0.003572
0.90	0.003775
0.91	0.003940
0.92	0.003628
0.93	0.002970
0.94	0.002877
0.95	0.002794
0.96	0.002623
0.97	0.002163
0.98	0.001880
0.99	0.001492
1.00	0.001487
1.00	0.001550
0.99	0.001666
0.98	0.001934
0.97	0.002068
0.96	0.002132
0.95	0.002023
0.94	0.002719
0.93	0.002911
0.92	0.003152
0.91	0.003638
0.90	0.004097
0.89	0.004413
0.88	0.003977
0.87	0.004856
0.86	0.005526
0.85	0.007409
0.84	0.007211
0.83	0.007717
0.82	0.009482
0.81	0.008975
0.80	0.010055
0.79	0.010759
0.78	0.012429
0.77	0.014713
0.76	0.013359
0.75	0.018522
0.74	0.018728
0.73	0.016078
0.72	0.022453
0.71	0.025087
0.70	0.024962
0.69	0.027971
0.68	0.036088
0.67	0.042915
0.66	0.043491
0.65	0.047642
0.64	0.060037
0.63	0.061773
0.62	0.067471
0.61	0.087639
0.60	0.101338
0.59	0.096217
0.58	0.121063
0.57	0.165652
0.56	0.199927
0.55	0.250759
0.54	0.310361
0.53	0.341931
0.52	0.372932
0.51	0.511826
0.50	0.736646
0.49	1.107047
0.48	1.355065
0.47	2.352391
0.46	7.659682
0.45	14.364694
0.44	406.065250
0.43	289.448074
0.42	126.276487
0.41	105.804922
0.40	59.093270
0.39	34.617203
0.38	33.417073
0.37	26.275781
0.36	19.188982
0.35	15.415308
0.34	13.487556
0.33	11.116857
0.32	7.977057
0.31	7.673442
0.30	7.453655
0.29	6.185676
0.28	5.572675
0.27	5.101948
0.26	4.215389
0.25	4.662682
0.24	3.987209
0.23	3.720107
0.22	3.450111
0.21	3.159058
0.20	2.994926
0.19	2.860671
0.18	2.568084
0.17	2.348107
0.16	2.293097
0.15	2.181160
0.14	2.063601
0.13	1.772961
0.12	1.698186
0.11	1.555236
0.10	1.721564
0.09	1.558451
0.08	1.260593
0.07	1.487835
0.06	1.220056
0.05	1.196861
0.04	1.179153
0.03	1.128520
0.02	1.146431
0.01	1.010355
-0.00	2.441406
