0.411133 3.494881
0.416855 0.000000
0.422578 0.000000
0.428301 3.494881
0.434023 0.000000
0.439746 0.000000
0.445469 0.000000
0.451191 0.000000
0.456914 0.000000
0.462637 3.494881
0.468359 3.494881
0.474082 0.000000
0.479805 3.494881
0.485527 0.000000
0.491250 6.989761
0.496973 0.000000
0.502695 3.494881
0.508418 3.494881
0.514141 3.494881
0.519863 6.989761
0.525586 13.979522
0.531309 3.494881
0.537031 3.494881
0.542754 3.494881
0.548477 13.979522
0.554199 13.979522
0.559922 3.494881
0.565645 10.484642
0.571367 3.494881
0.577090 10.484642
0.582812 3.494881
0.588535 6.989761
0.594258 6.989761
0.599980 0.000000
0.605703 0.000000
0.611426 3.494881
0.617148 3.494881
0.622871 3.494881
0.628594 3.494881
0.634316 3.494881
0.640039 0.000000
0.645762 3.494881
0.651484 6.989761
0.657207 0.000000
0.662930 0.000000
0.668652 0.000000
0.674375 0.000000
0.680098 0.000000
0.685820 3.494881
0.691543 3.494881
