-0.632813 0.728307
-0.605352 0.728307
-0.577891 0.000000
-0.550430 0.000000
-0.522969 0.000000
-0.495508 2.184922
-0.468047 0.000000
-0.440586 0.728307
-0.413125 0.728307
-0.385664 0.000000
-0.358203 0.728307
-0.330742 2.184922
-0.303281 0.728307
-0.275820 2.184922
-0.248359 0.728307
-0.220898 0.000000
-0.193437 0.000000
-0.165977 1.456615
-0.138516 0.728307
-0.111055 0.728307
-0.083594 0.000000
-0.056133 1.456615
-0.028672 0.728307
-0.001211 0.728307
0.026250 1.456615
0.053711 1.456615
0.081172 0.000000
0.108633 2.184922
0.136094 0.000000
0.163555 1.456615
0.191016 0.728307
0.218477 0.000000
0.245938 0.728307
0.273398 0.000000
0.300859 0.728307
0.328320 0.728307
0.355781 0.728307
0.383242 0.000000
0.410703 2.184922
0.438164 0.000000
0.465625 0.000000
0.493086 0.728307
0.520547 1.456615
0.548008 0.000000
0.575469 0.000000
0.602930 0.728307
0.630391 2.184922
0.657852 0.000000
0.685312 0.000000
0.712773 1.456615
