-0.491211 0.001709
-0.471709 0.001709
-0.452207 0.001709
-0.432705 0.008546
-0.413203 0.010255
-0.393701 0.025638
-0.374199 0.035894
-0.354697 0.064951
-0.335195 0.090589
-0.315693 0.164086
-0.296191 0.222200
-0.276689 0.343555
-0.257188 0.451237
-0.237686 0.601649
-0.218184 0.801629
-0.198682 1.063141
-0.179180 1.218681
-0.159678 1.553691
-0.140176 1.798110
-0.120674 2.119446
-0.101172 2.445909
-0.081670 2.712549
-0.062168 2.840741
-0.042666 3.066360
-0.023164 3.086870
-0.003662 3.221900
0.015840 3.233864
0.035342 2.803138
0.054844 2.739897
0.074346 2.623669
0.093848 2.204907
0.113350 2.126283
0.132852 1.786146
0.152354 1.401569
0.171855 1.155440
0.191357 0.887091
0.210859 0.729841
0.230361 0.524734
0.249863 0.352101
0.269365 0.273477
0.288867 0.167505
0.308369 0.124774
0.327871 0.070078
0.347373 0.051277
0.366875 0.025638
0.386377 0.020511
0.405879 0.008546
0.425381 0.005128
0.444883 0.006837
0.464385 0.001709
