0.483398 0.011730
0.486240 0.046919
0.489082 0.011730
0.491924 0.058648
0.494766 0.175945
0.497607 0.222864
0.500449 0.351890
0.503291 0.609943
0.506133 0.785888
0.508975 1.184696
0.511816 1.947125
0.514658 2.451501
0.517500 3.483711
0.520342 5.372188
0.523184 6.216724
0.526025 8.199038
0.528867 8.339794
0.531709 12.761879
0.534551 14.697274
0.537393 16.961100
0.540234 19.072440
0.543076 20.315785
0.545918 18.380389
0.548760 22.368477
0.551602 23.283391
0.554443 22.509233
0.557285 21.453562
0.560127 16.538832
0.562969 18.861306
0.565811 15.881970
0.568652 14.368843
0.571494 12.820527
0.574336 9.594868
0.577178 7.049530
0.580020 6.721100
0.582861 5.372188
0.585703 4.093654
0.588545 2.686094
0.591387 1.771180
0.594229 1.477938
0.597070 1.184696
0.599912 0.762428
0.602754 0.527835
0.605596 0.422268
0.608437 0.164215
0.611279 0.105567
0.614121 0.058648
0.616963 0.082108
0.619805 0.023459
0.622646 0.046919
